[05:53:39.528][I][remote.pronto:239]: 0000 006D 00AC 0000 0160 00A9 0018 003F 0018 003F 0018 0013 0018 0013 0018 0013 0018 0013 0018 0013 0018 0040 0018 0013 0018 003F 0018 0040 0018 0013 0018 0013 0018 0013 0018 0014 0018 0013 0018 0013 0018 0013 0018 0013 0018 0013
[05:53:39.528][I][remote.pronto:239]: 0018 0013 0018 0013 0018 0014 0018 0040 0018 003F 0018 0013 0018 0013 0018 0013 0018 0040 0017 0040 0018 0040 0017 0013 0018 0013 0018 0013 0018 0013 0017 0013 0018 0013 0018 0013 0017 0014 0017 0013 0018 0013 0018 0013 0018 0013
[05:53:39.587][I][remote.pronto:239]: 0017 0013 0018 0013 0018 0013 0017 0014 0018 0013 0018 0133 0018 003F 0017 0013 0018 003F 0018 0013 0018 0013 0018 0013 0018 0013 0018 003F 0018 003F 0018 003F 0018 0013 0018 0013 0018 0040 0018 0040 0018 0013 0018 0013 0018 0013
[05:53:39.588][I][remote.pronto:239]: 0017 0013 0017 0013 0018 0013 0018 0013 0019 0012 0018 0040 0018 0013 0018 0013 0017 0013 0018 0013 0018 0013 0018 0013 0017 0013 0018 0014 0017 0013 0017 0013 0017 0013 0017 0013 0017 0013 0017 0013 0017 0014 0018 0014 0017 0013
[05:53:39.588][I][remote.pronto:239]: 0016 0014 0017 0013 0016 0014 0018 0013 0017 0013 0017 0014 0017 0014 0017 0013 0016 0014 0017 0013 0017 0013 0017 0013 0017 0013 0017 0014 0017 0014 0017 0013 0016 0040 0018 003F 0017 0040 0018 0013 0016 0014 0016 0015 0017 0014
[05:53:39.661][I][remote.pronto:239]: 0016 0014 0016 0134 0017 0013 0016 0014 0016 0014 0016 0014 0017 0014 0016 0015 0016 0015 0017 0013 0017 003F 0017 0040 0016 0041 0017 0013 0016 0014 0017 0014 0016 0015 0017 0013 0017 0013 0017 0013 0016 0014 0016 0014 0016 0015
[05:53:39.661][I][remote.pronto:239]: 0016 0015 0017 0014 0016 0014 0017 0013 0017 0013 0017 0013 0016 0014 0016 0014 0016 0015 0016 0015 0017 0013 0016 0014 0016 0014 0016 0014 0016 0041 0016 0041 0017 0040 0016 0015 0016 0014 0017 0013 0016 0014 0016 0014 0016 0014
[05:53:39.661][I][remote.pronto:239]: 0017 0013 0016 0015 0017 0014 0016 0014 0016 0040 0017 003F 0016 0041 0016 0041 0016 0041 0017 0040 0017 0014 0016 0014 0017 0180
[05:53:41.166][I][remote.pronto:239]: 0000 006D 00AC 0000 0160 00A9 0017 003F 0018 003F 0018 0013 0017 0013 0018 0013 0018 0013 0017 0014 0018 0040 0019 0012 0018 003F 0018 0040 0018 0013 0018 0013 0018 0013 0018 0014 0018 0013 0018 0013 0018 0013 0018 0013 0018 0013
[05:53:41.166][I][remote.pronto:239]: 0018 0013 0018 0013 0019 0012 0018 0040 0018 003F 0018 0013 0018 0013 0018 0013 0018 0040 0017 0040 0017 0040 0019 0012 0016 0014 0017 0013 0017 0013 0018 0013 0016 0014 0017 0014 0017 0014 0016 0014 0017 0013 0017 0013 0016 0014
[05:53:41.225][I][remote.pronto:239]: 0018 0013 0017 0013 0017 0014 0016 0015 0017 0013 0018 0133 0018 003F 0018 0013 0017 0040 0018 0013 0018 0013 0018 0013 0017 0014 0017 0040 0017 003F 0017 003F 0017 0013 0017 0013 0018 0040 0019 003F 0018 0014 0017 0013 0017 0013
[05:53:41.225][I][remote.pronto:239]: 0017 0013 0017 0013 0018 0013 0017 0013 0016 0015 0018 0040 0016 0014 0017 0013 0017 0013 0018 0013 0018 0013 0017 0013 0018 0013 0017 0014 0018 0013 0018 0013 0018 0013 0018 0013 0019 0012 0018 0013 0017 0013 0018 0014 0017 0013
[05:53:41.225][I][remote.pronto:239]: 0017 0013 0018 0013 0017 0013 0017 0013 0018 0013 0017 0014 0018 0014 0017 0013 0018 0013 0017 0013 0017 0013 0017 0013 0016 0014 0018 0013 0018 0014 0017 0013 0017 003F 0018 003F 0018 003F 0017 0013 0016 0014 0018 0013 0016 0015
[05:53:41.297][I][remote.pronto:239]: 0018 0013 0016 0134 0018 0013 0016 0014 0016 0014 0017 0013 0016 0015 0017 0014 0016 0015 0016 0014 0016 0040 0017 003F 0016 0041 0017 0013 0016 0014 0016 0015 0016 0015 0016 0014 0017 0013 0016 0014 0017 0013 0017 0013 0017 0013
[05:53:41.297][I][remote.pronto:239]: 0017 0014 0016 0015 0016 0014 0016 0014 0016 0014 0017 0013 0017 0013 0017 0013 0017 0014 0017 0014 0017 0013 0017 0014 0016 0014 0016 0014 0017 0040 0017 0040 0017 0040 0016 0015 0016 0014 0016 0014 0016 0014 0016 0014 0017 0013
[05:53:41.297][I][remote.pronto:239]: 0016 0014 0016 0015 0016 0015 0016 0014 0017 003F 0017 0040 0017 0040 0017 0040 0017 0040 0016 0041 0017 0014 0016 0014 0017 0180
[05:53:42.856][I][remote.pronto:239]: 0000 006D 00AC 0000 0160 00A9 0018 003F 0017 003F 0018 0013 0017 0013 0016 0014 0017 0013 0018 0014 0018 0040 0017 0013 0016 0040 0018 0040 0018 0013 0016 0015 0016 0015 0016 0015 0016 0014 0017 0013 0016 0014 0016 0014 0016 0014
[05:53:42.856][I][remote.pronto:239]: 0017 0013 0016 0015 0017 0014 0016 0041 0016 0040 0017 0013 0016 0014 0016 0014 0016 0041 0017 0040 0016 0041 0017 0013 0016 0014 0017 0013 0017 0013 0016 0014 0017 0013 0017 0014 0016 0015 0016 0014 0017 0013 0016 0014 0016 0014
[05:53:42.918][I][remote.pronto:239]: 0016 0014 0016 0014 0016 0015 0016 0015 0016 0014 0016 0134 0017 003F 0017 0013 0017 0040 0017 0013 0016 0014 0016 0015 0017 0014 0017 0040 0017 003F 0017 0040 0017 0013 0016 0014 0016 0041 0017 0040 0017 0014 0017 0013 0016 0014
[05:53:42.918][I][remote.pronto:239]: 0016 0014 0018 0013 0017 0013 0016 0014 0016 0015 0017 0040 0018 0013 0016 0014 0017 0013 0017 0013 0016 0014 0017 0013 0017 0014 0016 0015 0017 0013 0017 0013 0016 0014 0016 0014 0018 0013 0017 0013 0016 0015 0017 0014 0016 0014
[05:53:42.918][I][remote.pronto:239]: 0016 0014 0016 0014 0016 0014 0016 0014 0016 0014 0016 0015 0016 0015 0016 0014 0017 0013 0016 0014 0018 0013 0017 0013 0017 0013 0017 0014 0016 0015 0017 0013 0017 003F 0016 0041 0017 0040 0017 0013 0017 0013 0017 0014 0017 0014
[05:53:42.962][I][remote.pronto:239]: 0016 0014 0016 0134 0017 0013 0016 0014 0017 0013 0016 0014 0017 0013 0016 0015 0017 0014 0017 0013 0017 003F 0017 003F 0017 0040 0016 0014 0017 0013 0017 0014 0017 0014 0017 0013 0016 0014 0016 0014 0016 0014 0017 0013 0017 0013
[05:53:42.973][I][remote.pronto:239]: 0017 0014 0018 0014 0016 0014 0016 0014 0016 0014 0016 0014 0017 0013 0016 0014 0017 0014 0017 0014 0016 0014 0017 0013 0017 0013 0016 0014 0016 0041 0018 0040 0017 0040 0017 0014 0017 0013 0017 0013 0016 0014 0017 0013 0016 0014
[05:53:42.994][I][remote.pronto:239]: 0017 0013 0016 0015 0017 0014 0018 0013 0017 003F 0017 003F 0017 0040 0017 0040 0017 0040 0016 0041 0017 0014 0016 0014 0017 0180
[05:53:44.417][I][remote.pronto:239]: 0000 006D 00AD 0000 015E 00AA 0018 003F 0017 003F 0018 0013 0016 0014 0016 0015 0016 0015 0016 0015 0017 0040 0017 0013 0016 0041 0017 0040 0017 0013 0016 0014 0016 0015 0016 0015 0016 0014 0016 0014 0016 0014 0016 0014 0016 0014
[05:53:44.417][I][remote.pronto:239]: 0017 0013 0016 0015 0016 0015 0017 0040 0016 0040 0016 0014 0016 0014 0016 0014 0016 0041 0017 0040 0016 0041 0017 0013 0016 0014 0016 0014 0016 0014 0016 0014 0016 0014 0016 0015 0015 0016 0016 0014 0016 0014 0016 0014 0016 0014
[05:53:44.480][I][remote.pronto:239]: 0016 0014 0017 0013 0016 0015 0016 0015 0016 0014 0016 0134 0016 0040 0017 0014 0017 0040 0017 0013 0016 0015 0016 0015 0016 0015 0016 0041 0016 0040 0017 0040 0016 0014 0016 0014 0016 0041 0017 0040 0016 0015 0016 0014 0016 0014
[05:53:44.480][I][remote.pronto:239]: 0016 0014 0016 0014 0016 0014 0016 0014 0017 0014 0016 0041 0016 0014 0016 0014 0016 0014 0017 0013 0016 0014 0016 0015 0017 0014 0017 0014 0016 0014 0016 0014 0016 0014 0017 0013 0016 0014 0016 0014 0017 0014 0016 0015 0017 0013
[05:53:44.480][I][remote.pronto:239]: 0016 0014 0017 0013 0016 0014 0016 0014 0016 0015 0017 0014 0017 0014 0017 0013 0016 0014 0016 0014 0016 0014 0017 0013 0016 0014 0016 0015 0016 0015 0016 0014 0017 003F 0017 003F 0017 0040 0017 0013 0016 0015 0017 0014 0017 0014
[05:53:44.552][I][remote.pronto:239]: 0016 0014 0016 0134 0016 0014 0017 0013 0016 0014 0016 0014 0016 0014 0017 0014 0017 0014 0016 0014 0016 0040 0017 0026 0005 0015 0017 0040 0015 0015 0017 0014 0016 0015 0016 0015 0017 0013 0016 0014 0017 0013 0016 0014 0017 0013
[05:53:44.552][I][remote.pronto:239]: 0016 0014 0017 0014 0016 0015 0016 0014 0017 0013 0017 0013 0017 0013 0016 0014 0017 0013 0017 0014 0016 0015 0017 0013 0016 0014 0016 0014 0016 0014 0016 0041 0017 0040 0017 0040 0017 0014 0016 0014 0016 0014 0016 0014 0016 0014
[05:53:44.552][I][remote.pronto:239]: 0016 0014 0017 0013 0016 0015 0017 0014 0016 0014 0017 003F 0017 0040 0017 0040 0017 0040 0017 0040 0018 0040 0017 0014 0017 0013 0017 0180
