[04:28:23][I][remote.pronto:239]: 0000 006D 00AC 0000 015E 00AA 0016 0040 0018 003F 0016 0014 0017 0013 0017 0013 0017 0014 0017 0014 0017 0040 0017 0013 0016 0041 0017 0040 0017 0013 0016 0015 0017 0014 0017 0014 0017 0013 0017 003F 0016 0014 0016 0014 0016 0014
[04:28:23][I][remote.pronto:239]: 0017 0013 0017 0014 0016 0015 0016 0014 0017 0013 0016 0041 0018 0013 0016 0014 0016 0015 0016 0015 0016 0015 0017 0013 0016 0014 0017 0013 0016 0014 0016 0014 0016 0014 0016 0015 0016 0015 0017 0013 0016 0014 0017 0013 0017 0013
[04:28:23][I][remote.pronto:239]: 0016 0014 0017 0040 0017 0014 0016 0015 0017 003F 0017 0133 0017 0013 0016 0014 0017 0040 0016 0014 0017 0013 0016 0015 0016 0015 0018 0040 0018 0013 0017 003F 0017 0013 0016 0041 0016 0041 0017 0014 0017 0014 0016 0014 0016 0014
[04:28:24][I][remote.pronto:239]: 0017 0013 0016 0014 0016 0014 0017 0013 0018 0013 0016 0015 0017 0013 0016 0014 0016 0014 0016 0014 0017 0013 0016 0014 0016 0015 0017 0014 0017 0013 0016 0014 0017 0013 0017 0013 0017 0013 0017 0013 0017 0014 0017 0014 0017 0013
[04:28:24][I][remote.pronto:239]: 0016 0014 0017 0013 0016 0014 0016 0014 0017 0013 0016 0015 0017 0014 0017 0013 0016 0014 0016 0014 0016 0014 0017 0013 0016 0014 0016 0015 0016 0015 0016 0014 0017 003F 0017 0013 0017 0040 0018 0040 0017 0013 0017 0014 0017 0014
[04:28:24][I][remote.pronto:239]: 0017 0013 0017 0133 0016 0014 0016 0014 0016 0014 0016 0014 0017 0013 0017 0014 0016 0015 0017 0014 0016 0014 0018 0013 0017 0040 0018 0013 0016 0014 0017 0014 0017 0014 0016 0014 0016 0014 0017 0013 0016 0014 0016 0014 0016 0014
[04:28:24][I][remote.pronto:239]: 0017 0014 0017 0014 0017 0013 0016 0014 0016 0014 0017 0013 0016 0014 0017 0013 0018 0013 0017 0014 0016 0014 0016 0014 0017 0013 0017 0013 0016 0041 0018 0040 0017 0041 0018 0014 0016 0014 0016 0014 0017 0013 0016 0014 0016 0014
[04:28:24][I][remote.pronto:239]: 0017 0013 0017 0014 0016 0015 0017 0013 0017 0013 0016 0014 0017 0040 0017 0040 0018 0040 0017 0040 0018 0014 0017 0013 0019 0180
[04:28:25][I][remote.pronto:239]: 0000 006D 00AC 0000 015F 00AA 0016 0040 0017 003F 0019 0012 0017 0013 0017 0013 0017 0014 0017 0014 0017 0040 0018 0013 0018 003F 0017 0040 0018 0013 0017 0013 0019 0012 0018 0014 0018 0013 0018 0013 0018 0013 0018 0013 0018 0013
[04:28:25][I][remote.pronto:239]: 0018 0013 0018 0013 0018 0014 0018 0013 0018 003F 0017 0040 0017 0013 0018 0013 0018 0040 0018 0040 0017 0040 0017 0013 0017 0013 0017 0013 0018 0013 0018 0013 0018 0013 0018 0013 0018 0014 0018 0013 0017 0013 0018 0013 0018 0013
[04:28:25][I][remote.pronto:239]: 0018 0013 0018 0013 0018 0013 0018 0014 0018 0013 0018 0133 0018 0013 0018 0013 0018 0040 0018 0013 0018 0013 0018 0013 0018 0014 0018 0040 0018 0013 0018 003F 0018 0013 0018 0040 0018 0040 0018 0013 0018 0014 0018 0013 0018 0013
[04:28:25][I][remote.pronto:239]: 0018 0013 0018 0013 0018 0013 0018 0013 0018 0013 0018 0014 0018 0013 0018 0013 0018 0013 0018 0013 0018 0013 0018 0013 0018 0013 0018 0014 0018 0013 0018 0013 0018 0013 0018 0013 0018 0013 0018 0013 0018 0013 0018 0014 0018 0013
[04:28:25][I][remote.pronto:239]: 0018 0013 0018 0013 0018 0013 0018 0013 0018 0013 0018 0013 0018 0014 0018 0013 0018 0013 0018 0013 0018 0013 0018 0013 0018 0013 0018 0013 0018 0014 0018 0013 0018 003F 0018 0013 0018 003F 0018 0040 0018 0013 0018 0040 0018 0040
[04:28:25][I][remote.pronto:239]: 0018 003F 0018 0133 0018 0013 0018 0013 0018 0013 0018 0013 0018 0013 0018 0013 0018 0014 0018 0013 0018 0013 0018 0013 0018 0040 0018 0013 0018 0013 0018 0013 0018 0014 0018 0013 0018 0013 0018 0013 0018 0013 0018 0013 0018 0013
[04:28:25][I][remote.pronto:239]: 0018 0013 0018 0014 0018 0013 0018 0013 0018 0013 0018 0013 0018 0013 0018 0013 0018 0013 0018 0014 0018 0013 0018 0013 0018 0013 0018 0013 0018 0040 0018 0040 0018 0040 0018 0013 0018 0013 0018 0013 0018 0013 0018 0013 0018 0013
[04:28:25][I][remote.pronto:239]: 0018 0013 0018 0013 0018 0014 0018 0013 0018 0013 0018 0013 0018 003F 0018 0040 0018 0040 0018 0040 0018 0013 0018 0013 0019 0180
[04:28:26][I][remote.pronto:239]: 0000 006D 00AC 0000 0160 00A9 0018 003F 0018 003F 0018 0013 0018 0013 0018 0013 0018 0013 0018 0014 0018 0040 0018 0013 0018 003F 0018 0040 0018 0013 0018 0013 0018 0013 0018 0014 0018 0013 0018 003F 0017 0013 0018 0013 0018 0013
[04:28:26][I][remote.pronto:239]: 0018 0013 0018 0013 0018 0014 0018 0013 0018 0013 0018 003F 0018 0013 0018 0013 0018 0013 0018 0013 0018 0014 0018 0013 0018 0013 0018 0013 0018 0013 0018 0013 0018 0013 0018 0013 0018 0014 0018 0013 0018 0013 0018 0013 0018 0013
[04:28:26][I][remote.pronto:239]: 0018 0013 0018 0040 0018 0013 0018 0013 0018 003F 0018 0133 0018 0013 0018 0013 0018 003F 0018 0013 0018 0013 0018 0013 0018 0013 0018 0040 0018 0013 0018 003F 0018 0013 0018 0040 0018 003E 0019 0013 0018 0014 0018 0013 0018 0013
[04:28:27][I][remote.pronto:239]: 0018 0013 0018 0013 0018 0013 0018 0013 0018 0013 0018 0014 0018 0013 0018 0013 0018 0013 0018 0013 0018 0013 0018 0013 0018 0013 0018 0014 0018 0013 0018 0013 0018 0013 0018 0013 0018 0013 0018 0013 0018 0013 0018 0014 0018 0013
[04:28:27][I][remote.pronto:239]: 0018 0013 0018 0013 0018 0013 0018 0013 0018 0013 0018 0013 0018 0014 0018 0013 0018 0013 0018 0013 0018 0013 0018 0013 0018 0013 0018 0013 0018 0014 0018 0013 0018 003F 0018 0013 0018 003F 0018 0040 0018 0013 0018 0013 0018 0014
[04:28:27][I][remote.pronto:239]: 0018 0013 0018 0133 0018 0013 0018 0013 0018 0013 0018 0013 0018 0013 0018 0013 0018 0014 0018 0013 0018 0013 0018 0013 0018 0040 0018 0013 0018 0013 0018 0013 0018 0014 0018 0013 0018 0013 0018 0013 0018 0013 0018 0013 0018 0013
[04:28:27][I][remote.pronto:239]: 0018 0013 0018 0014 0018 0013 0018 0013 0018 0013 0018 0013 0018 0013 0018 0013 0018 0013 0018 0014 0018 0013 0018 0013 0018 0013 0018 0013 0018 0040 0018 0040 0018 0040 0018 0013 0018 0013 0018 0013 0018 0013 0018 0013 0018 0013
[04:28:27][I][remote.pronto:239]: 0018 0013 0018 0013 0018 0014 0018 0013 0018 0013 0018 0013 0018 003F 0018 0040 0018 0040 0018 0040 0018 0013 0018 0013 0019 0180
[04:28:28][I][remote.pronto:239]: 0000 006D 00AC 0000 0160 00A9 0018 003F 0018 003F 0018 0013 0018 0013 0018 0013 0018 0013 0018 0014 0018 0040 0018 0013 0018 003F 0018 0040 0018 0013 0017 0013 0018 0013 0017 0014 0018 0013 0018 0013 0018 0013 0018 0013 0018 0013
[04:28:28][I][remote.pronto:239]: 0018 0013 0018 0013 0018 0014 0018 0013 0018 003F 0019 003E 0018 0013 0018 0013 0018 0040 0018 0040 0018 0040 0018 0013 0017 0013 0018 0013 0018 0013 0018 0013 0017 0013 0018 0013 0017 0014 0018 0013 0018 0013 0018 0013 0018 0013
[04:28:28][I][remote.pronto:239]: 0018 0013 0018 0013 0018 0013 0018 0014 0017 0013 0018 0133 0018 0013 0018 0013 0018 003F 0018 0013 0017 0013 0018 0013 0018 0014 0018 0040 0018 0013 0018 003F 0018 0013 0017 0040 0018 0040 0018 0013 0018 0014 0017 0013 0018 0013
[04:28:28][I][remote.pronto:239]: 0018 0013 0018 0013 0018 0013 0018 0013 0018 0013 0018 0014 0018 0013 0018 0013 0018 0013 0018 0013 0018 0013 0018 0013 0018 0013 0018 0014 0018 0013 0018 0013 0017 0013 0018 0013 0018 0013 0018 0013 0018 0013 0018 0014 0018 0013
[04:28:28][I][remote.pronto:239]: 0018 0013 0018 0013 0018 0013 0018 0013 0018 0013 0018 0013 0018 0014 0018 0013 0018 0013 0018 0013 0018 0013 0018 0013 0018 0013 0018 0013 0018 0014 0018 0013 0018 003F 0018 0013 0018 0040 0018 0040 0018 0013 0018 0040 0018 0040
[04:28:28][I][remote.pronto:239]: 0018 003F 0018 0133 0017 0013 0018 0013 0018 0013 0017 0013 0017 0013 0018 0013 0017 0014 0017 0013 0018 0013 0017 0013 0018 0040 0018 0013 0017 0013 0018 0013 0017 0014 0018 0013 0018 0013 0017 0013 0017 0013 0017 0013 0018 0013
[04:28:28][I][remote.pronto:239]: 0018 0013 0017 0014 0018 0013 0018 0013 0017 0013 0018 0013 0018 0013 0018 0013 0018 0013 0017 0014 0018 0013 0018 0013 0018 0013 0018 0013 0017 0040 0018 0040 0018 0040 0018 0014 0018 0013 0018 0013 0018 0013 0018 0013 0018 0013
[04:28:28][I][remote.pronto:239]: 0018 0013 0018 0013 0017 0014 0018 0013 0018 0013 0018 0013 0018 0040 0018 0040 0017 0040 0017 0040 0017 0014 0018 0013 0019 0180
[04:28:53][I][remote.pronto:239]: 0000 006D 0001 0000 0006 CF2B
[04:28:54][I][remote.pronto:239]: 0000 006D 00AC 0000 0160 00A9 0019 003E 0018 003F 0019 0012 0017 0013 0018 0013 0018 0013 0018 0014 0017 0040 0018 0013 0018 003F 0018 0040 0018 0013 0018 0013 0018 0013 0019 0012 0019 0012 0018 003F 0018 0013 0018 0013 0018 0013
[04:28:54][I][remote.pronto:239]: 0018 0013 0018 0013 0018 0014 0018 0013 0018 0013 0018 003F 0018 0013 0018 0013 0017 0013 0018 0013 0018 0014 0018 0013 0018 0013 0018 0013 0018 0013 0018 0013 0018 0013 0018 0013 0018 0014 0018 0013 0018 0013 0018 0013 0018 0013
[04:28:54][I][remote.pronto:239]: 0018 0013 0018 0040 0018 0013 0018 0014 0018 003F 0018 0133 0018 0013 0018 0013 0018 003F 0018 0013 0018 0013 0018 0013 0018 0013 0018 0040 0018 003F 0018 003F 0018 0013 0018 0040 0018 0040 0018 0013 0018 0014 0018 0013 0018 0013
[04:28:54][I][remote.pronto:239]: 0018 0013 0018 0013 0018 0013 0018 0013 0018 0013 0018 0014 0018 0013 0018 0013 0018 0013 0018 0013 0018 0013 0018 0013 0018 0013 0018 0013 0018 0013 0018 0013 0018 0013 0018 0013 0018 0013 0018 0013 0018 0013 0018 0014 0018 0013
[04:28:54][I][remote.pronto:239]: 0018 0013 0018 0013 0018 0013 0018 0013 0018 0013 0018 0013 0018 0014 0018 0013 0018 0013 0018 0013 0018 0013 0018 0013 0018 0013 0018 0013 0018 0014 0018 0013 0018 0013 0018 0013 0018 003F 0018 0040 0018 0013 0018 0013 0018 0014
[04:28:54][I][remote.pronto:239]: 0018 0013 0018 0133 0018 0013 0018 0013 0018 0013 0018 0013 0018 0013 0018 0013 0018 0014 0018 0013 0018 0013 0018 0013 0018 0040 0018 0013 0018 0013 0018 0013 0018 0014 0018 0013 0018 0013 0018 0013 0018 0013 0018 0013 0018 0013
[04:28:54][I][remote.pronto:239]: 0018 0013 0018 0014 0018 0013 0018 0013 0018 0013 0018 0013 0018 0013 0018 0013 0018 0014 0017 0014 0018 0013 0018 0013 0018 0013 0018 0013 0018 0040 0018 0040 0018 0040 0018 0013 0018 0013 0018 0013 0018 0013 0018 0013 0018 0013
[04:28:54][I][remote.pronto:239]: 0018 0013 0018 0013 0018 0014 0018 0013 0018 0013 0018 0013 0018 0040 0018 0040 0018 0040 0018 0040 0018 0013 0018 0013 0019 0180
[04:28:56][I][remote.pronto:239]: 0000 006D 00AC 0000 015E 00AA 0018 003F 0017 0040 0016 0014 0017 0014 0016 0015 0016 0015 0015 0016 0016 0041 0016 0014 0017 0040 0017 0040 0017 0013 0017 0013 0017 0014 0015 0016 0016 0014 0017 003F 0016 0014 0016 0014 0016 0014
[04:28:56][I][remote.pronto:239]: 0016 0014 0016 0015 0016 0015 0016 0014 0016 0014 0016 0014 0016 0041 0016 0014 0017 0041 0017 0040 0016 0041 0018 0013 0016 0014 0016 0014 0016 0014 0016 0014 0016 0014 0016 0015 0016 0015 0016 0014 0016 0014 0016 0014 0016 0014
[04:28:56][I][remote.pronto:239]: 0017 0013 0016 0014 0016 0015 0016 0015 0017 0013 0016 0134 0018 0013 0016 0014 0017 0040 0017 0013 0016 0014 0017 0014 0017 0014 0017 0040 0018 003F 0018 003F 0019 0012 0017 0040 0018 0040 0019 0012 0018 0014 0018 0013 0018 0013
[04:28:56][I][remote.pronto:239]: 0018 0013 0018 0013 0018 0013 0018 0013 0018 0013 0018 0013 0018 0013 0018 0013 0018 0013 0018 0013 0018 0013 0018 0013 0018 0013 0018 0014 0018 0013 0018 0013 0018 0013 0018 0013 0018 0013 0018 0013 0018 0013 0018 0013 0018 0013
[04:28:56][I][remote.pronto:239]: 0018 0013 0018 0013 0018 0013 0018 0013 0018 0013 0018 0013 0018 0014 0018 0013 0018 0013 0018 0013 0018 0013 0018 0013 0018 0013 0018 0013 0018 0014 0018 0013 0018 0013 0018 003F 0017 0013 0018 0040 0018 0013 0018 0040 0018 0040
[04:28:56][I][remote.pronto:239]: 0018 003F 0019 0132 0019 0012 0017 0013 0018 0013 0018 0013 0018 0013 0018 0013 0018 0014 0018 0013 0017 0013 0018 0013 0017 0040 0019 0012 0018 0013 0018 0013 0018 0014 0018 0013 0018 0013 0018 0013 0018 0013 0017 0013 0018 0013
[04:28:56][I][remote.pronto:239]: 0018 0013 0018 0013 0018 0013 0018 0013 0018 0013 0018 0013 0017 0013 0018 0013 0018 0013 0018 0014 0018 0013 0018 0013 0018 0013 0018 0013 0018 0040 0018 0040 0018 0040 0018 0014 0018 0013 0018 0013 0018 0013 0018 0013 0019 0012
[04:28:56][I][remote.pronto:239]: 0018 0013 0018 0013 0018 0014 0018 0013 0018 0013 0018 0013 0017 0040 0019 003E 0018 0040 0018 0040 0018 0014 0018 0013 0019 0180
[04:28:58][I][remote.pronto:239]: 0000 006D 00AC 0000 015E 00AA 0017 003F 0017 0040 0016 0014 0016 0014 0016 0014 0016 0015 0016 0015 0016 0041 0017 0013 0016 0041 0016 0041 0017 0013 0017 0013 0016 0015 0017 0014 0016 0014 0016 0040 0016 0014 0016 0014 0017 0013
[04:28:58][I][remote.pronto:239]: 0017 0013 0016 0015 0016 0015 0016 0014 0017 0013 0016 0041 0017 0013 0016 0014 0017 0013 0017 0014 0017 0014 0016 0014 0016 0014 0016 0014 0016 0014 0016 0014 0016 0014 0017 0014 0016 0015 0017 0013 0016 0014 0016 0014 0017 0013
[04:28:58][I][remote.pronto:239]: 0016 0014 0016 0041 0017 0014 0017 0014 0016 0040 0016 0134 0016 0014 0017 0013 0016 0041 0017 0013 0017 0013 0017 0014 0015 0016 0016 0041 0016 0040 0017 0040 0017 0013 0016 0041 0017 0040 0017 0014 0015 0016 0017 0013 0017 0013
[04:28:58][I][remote.pronto:239]: 0016 0014 0016 0014 0016 0014 0016 0014 0016 0015 0016 0015 0017 0013 0017 0013 0016 0014 0017 0013 0016 0014 0016 0014 0017 0014 0016 0015 0017 0013 0017 0013 0017 0013 0017 0013 0016 0014 0017 0013 0016 0015 0018 0014 0017 0013
[04:28:58][I][remote.pronto:239]: 0016 0014 0017 0013 0016 0014 0016 0014 0017 0013 0017 0014 0017 0014 0016 0014 0017 0013 0017 0014 0017 0013 0016 0014 0016 0015 0017 0014 0017 0014 0017 0013 0016 0014 0016 0014 0017 0040 0018 0040 0018 0013 0016 0015 0017 0014
[04:28:58][I][remote.pronto:239]: 0017 0013 0016 0134 0016 0014 0015 0015 0017 0013 0017 0013 0017 0013 0016 0015 0016 0015 0017 0013 0016 0014 0016 0014 0017 0040 0017 0013 0017 0014 0016 0015 0016 0015 0017 0013 0017 0013 0017 0013 0016 0014 0016 0014 0016 0014
[04:28:58][I][remote.pronto:239]: 0016 0015 0017 0014 0017 0013 0016 0014 0016 0014 0016 0014 0017 0013 0016 0015 0016 0015 0016 0015 0017 0013 0016 0014 0016 0014 0016 0014 0016 0041 0017 0040 0018 0040 0018 0014 0016 0014 0016 0014 0016 0014 0016 0014 0016 0014
[04:28:58][I][remote.pronto:239]: 0016 0015 0016 0015 0016 0015 0016 0014 0017 0013 0017 0013 0016 0041 0017 0040 0018 0040 0017 0040 0017 0014 0016 0014 0017 0180
[04:29:00][I][remote.pronto:239]: 0000 006D 00AC 0000 015E 00AA 0017 003F 0017 003F 0018 0013 0016 0014 0017 0013 0016 0015 0017 0014 0017 0040 0018 0013 0017 003F 0017 0040 0019 0012 0017 0013 0018 0013 0017 0014 0017 0013 0017 003F 0018 0013 0017 0013 0016 0014
[04:29:00][I][remote.pronto:239]: 0017 0013 0017 0014 0017 0014 0017 0013 0017 0013 0017 0013 0016 0041 0017 0013 0016 0041 0017 0040 0018 0040 0018 0013 0017 0013 0016 0014 0017 0013 0017 0013 0017 0013 0017 0014 0017 0014 0018 0013 0017 0013 0016 0014 0017 0013
[04:29:00][I][remote.pronto:239]: 0017 0013 0016 0014 0016 0015 0017 0014 0017 0013 0017 0133 0017 0013 0017 0013 0017 0040 0018 0013 0017 0013 0017 0014 0017 0014 0017 0040 0017 003F 0017 0040 0018 0013 0017 0040 0017 0040 0018 0013 0017 0014 0017 0013 0017 0013
[04:29:00][I][remote.pronto:239]: 0017 0013 0016 0014 0016 0014 0017 0013 0016 0015 0017 0014 0017 0013 0016 0014 0017 0013 0017 0013 0016 0014 0017 0013 0017 0014 0017 0014 0017 0013 0016 0014 0016 0014 0016 0014 0016 0014 0017 0013 0017 0014 0016 0015 0017 0013
[04:29:00][I][remote.pronto:239]: 0017 0013 0017 0013 0017 0013 0016 0014 0016 0014 0017 0014 0017 0014 0017 0013 0017 0013 0016 0014 0017 0013 0017 0013 0017 0013 0017 0014 0016 0015 0017 0013 0016 0014 0016 0041 0017 0013 0017 0040 0017 0013 0017 0040 0016 0041
[04:29:00][I][remote.pronto:239]: 0017 003F 0017 0133 0017 0013 0017 0013 0016 0014 0017 0013 0016 0014 0017 0014 0017 0014 0017 0013 0017 0013 0016 0014 0016 0041 0016 0014 0016 0014 0016 0015 0016 0015 0017 0013 0017 0013 0017 0013 0016 0014 0016 0014 0017 0013
[04:29:00][I][remote.pronto:239]: 0017 0014 0017 0014 0017 0013 0017 0013 0016 0014 0016 0014 0017 0013 0016 0014 0016 0015 0018 0014 0017 0013 0016 0014 0017 0013 0017 0013 0017 0040 0017 0040 0018 0040 0017 0014 0017 0013 0016 0014 0017 0013 0016 0014 0016 0014
[04:29:00][I][remote.pronto:239]: 0017 0013 0016 0015 0016 0015 0017 0013 0017 0013 0016 0014 0017 0040 0017 0040 0017 0040 0017 0040 0017 0014 0017 0013 0017 0180
