[04:01:35][I][remote.pronto:239]: 0000 006D 00AC 0000 015E 00AA 0019 003E 0017 0040 0017 0013 0016 0014 0016 0015 0018 0013 0017 0014 0017 0040 0018 0013 0016 0041 0017 0040 0018 0013 0017 0013 0016 0015 0017 0014 0016 0014 0017 0013 0017 0013 0017 0013 0016 0014
[04:01:35][I][remote.pronto:239]: 0016 0014 0016 0015 0017 0014 0017 0013 0017 0013 0017 0013 0016 0014 0016 0014 0016 0014 0016 0041 0018 0040 0016 0041 0016 0014 0017 0013 0018 0013 0016 0014 0016 0014 0017 0014 0017 0014 0016 0014 0016 0014 0016 0014 0016 0014
[04:01:35][I][remote.pronto:239]: 0017 0013 0016 0041 0017 0014 0017 0014 0016 0040 0016 0134 0017 003F 0017 0040 0018 0013 0017 0013 0016 0014 0016 0015 0016 0015 0017 0040 0017 003F 0018 003F 0017 0013 0017 0040 0017 0040 0017 0040 0017 0014 0017 0013 0017 0013
[04:01:35][I][remote.pronto:239]: 0017 0013 0016 0014 0016 0014 0017 0013 0016 0015 0017 0014 0016 0014 0016 0014 0017 0013 0016 0014 0016 0014 0016 0014 0016 0015 0016 0015 0016 0014 0016 0014 0017 0013 0016 0014 0016 0014 0017 0013 0016 0015 0016 0015 0016 0014
[04:01:36][I][remote.pronto:239]: 0016 0014 0016 0014 0017 0013 0017 0013 0016 0014 0016 0015 0017 0014 0017 0013 0016 0014 0016 0014 0016 0014 0016 0014 0016 0015 0017 0014 0016 0015 0016 0014 0016 0014 0016 0014 0017 0013 0016 0041 0017 0014 0016 0015 0016 0041
[04:01:36][I][remote.pronto:239]: 0016 0040 0017 0133 0017 0013 0017 0013 0017 0013 0017 0013 0017 0013 0017 0014 0015 0016 0016 0014 0016 0014 0016 0014 0016 0041 0017 0013 0016 0015 0016 0015 0016 0015 0017 0013 0016 0014 0016 0014 0016 0014 0017 0013 0016 0015
[04:01:36][I][remote.pronto:239]: 0016 0015 0016 0015 0017 0013 0016 0014 0017 0013 0016 0014 0016 0014 0016 0014 0016 0015 0017 0014 0016 0014 0018 0013 0016 0014 0016 0014 0016 0041 0016 0041 0017 0040 0016 0015 0017 0013 0016 0014 0017 0013 0016 0014 0016 0014
[04:01:36][I][remote.pronto:239]: 0016 0014 0016 0015 0016 0015 0017 0013 0017 0013 0016 0014 0016 0041 0016 0041 0017 0040 0017 0040 0017 0014 0016 0014 0017 0180
[04:01:37][I][remote.pronto:239]: 0000 006D 00AC 0000 0160 00A9 0018 003F 0018 003F 0018 0013 0018 0013 0018 0013 0018 0013 0017 0014 0018 0040 0018 0013 0018 003F 0018 003F 0018 0013 0018 0013 0018 0013 0017 0014 0018 0013 0018 003F 0018 003F 0018 0013 0018 0013
[04:01:37][I][remote.pronto:239]: 0018 0013 0018 0013 0018 0014 0018 0013 0018 0013 0018 0013 0018 0013 0018 0013 0018 0013 0018 0040 0018 0014 0018 0040 0017 0013 0018 0013 0017 0013 0018 0013 0018 0013 0017 0013 0018 0014 0018 0013 0018 0013 0018 0013 0018 0013
[04:01:37][I][remote.pronto:239]: 0018 0013 0018 0013 0018 0013 0018 0014 0018 0013 0018 0133 0017 003F 0018 003F 0018 0013 0017 0013 0018 0013 0018 0013 0018 0014 0017 0040 0018 003F 0017 003F 0018 0013 0018 0040 0017 0040 0018 0040 0018 0014 0018 0013 0017 0013
[04:01:37][I][remote.pronto:239]: 0018 0013 0018 0013 0018 0013 0018 0013 0018 0013 0017 0014 0018 0013 0017 0013 0017 0013 0018 0013 0018 0013 0018 0013 0018 0013 0018 0014 0018 0013 0018 0013 0018 0013 0017 0013 0018 0013 0018 0013 0018 0013 0018 0014 0018 0013
[04:01:37][I][remote.pronto:239]: 0018 0013 0018 0013 0018 0013 0018 0013 0018 0013 0017 0013 0018 0014 0018 0013 0018 0013 0018 0013 0018 0013 0018 0013 0018 0013 0018 0013 0018 0014 0018 0013 0018 003F 0018 003F 0018 0013 0018 0040 0018 0040 0018 0013 0018 0014
[04:01:37][I][remote.pronto:239]: 0017 0013 0017 0133 0017 0013 0018 0013 0018 0013 0018 0013 0018 0013 0017 0013 0018 0014 0018 0013 0018 0013 0017 0013 0018 0040 0018 0013 0018 0013 0018 0013 0017 0014 0018 0013 0018 0013 0018 0013 0018 0013 0018 0013 0018 0013
[04:01:37][I][remote.pronto:239]: 0018 0013 0018 0014 0018 0013 0018 0013 0018 0013 0018 0013 0018 0013 0018 0013 0018 0013 0018 0014 0018 0013 0018 0013 0018 0013 0018 0013 0018 0040 0018 0040 0017 0040 0018 0014 0018 0013 0018 0013 0018 0013 0018 0013 0018 0013
[04:01:37][I][remote.pronto:239]: 0018 0013 0018 0013 0018 0014 0018 0013 0018 0013 0018 0013 0018 003F 0018 0040 0018 0040 0018 0040 0018 0013 0018 0013 0019 0180
[04:01:38][I][remote.pronto:239]: 0000 006D 00AC 0000 0160 00A9 0018 003F 0018 003F 0018 0013 0017 0013 0018 0013 0018 0013 0018 0014 0018 0040 0018 0013 0018 003F 0018 0040 0018 0013 0018 0013 0018 0013 0018 0014 0018 0013 0018 0013 0018 0013 0018 0013 0018 0013
[04:01:38][I][remote.pronto:239]: 0018 0013 0018 0013 0018 0014 0018 0013 0018 0013 0018 0013 0017 0013 0018 0013 0018 0013 0018 0040 0018 0040 0018 0040 0017 0013 0018 0013 0018 0013 0018 0013 0018 0013 0018 0013 0018 0014 0018 0013 0018 0013 0018 0013 0018 0013
[04:01:38][I][remote.pronto:239]: 0018 0013 0018 0040 0018 0013 0018 0013 0018 003F 0019 0132 0017 003F 0019 003E 0018 0013 0018 0013 0017 0013 0017 0013 0017 0014 0017 0040 0018 003F 0018 003F 0017 0013 0017 0040 0017 0040 0017 0040 0018 0013 0017 0013 0017 0013
[04:01:38][I][remote.pronto:239]: 0017 0013 0017 0013 0017 0013 0017 0013 0017 0013 0018 0014 0017 0013 0017 0013 0017 0013 0017 0013 0018 0013 0017 0013 0017 0013 0018 0014 0017 0013 0018 0013 0017 0013 0018 0013 0017 0013 0018 0013 0017 0013 0017 0014 0018 0013
[04:01:38][I][remote.pronto:239]: 0018 0013 0018 0013 0018 0013 0018 0013 0018 0013 0018 0013 0018 0014 0018 0013 0018 0013 0018 0013 0018 0013 0018 0013 0018 0013 0018 0013 0018 0014 0018 0013 0018 0013 0018 0013 0018 0013 0018 0040 0018 0013 0018 0013 0018 0040
[04:01:39][I][remote.pronto:239]: 0018 003F 0018 0133 0018 0013 0018 0013 0018 0013 0018 0013 0018 0013 0018 0013 0018 0014 0018 0013 0018 0013 0018 0013 0018 003F 0018 0013 0018 0013 0018 0013 0018 0014 0018 0013 0018 0013 0018 0013 0018 0013 0018 0013 0018 0013
[04:01:39][I][remote.pronto:239]: 0018 0013 0018 0014 0018 0013 0018 0013 0018 0013 0018 0013 0018 0013 0017 0013 0018 0013 0018 0014 0018 0013 0018 0013 0018 0013 0018 0013 0018 0040 0018 0040 0017 0040 0017 0014 0018 0013 0018 0013 0018 0013 0018 0013 0018 0013
[04:01:39][I][remote.pronto:239]: 0018 0013 0018 0013 0018 0014 0018 0013 0018 0013 0018 0013 0018 003F 0018 0040 0018 0040 0018 0040 0017 0014 0018 0013 0019 0180
[04:01:40][I][remote.pronto:239]: 0000 006D 00AC 0000 0160 00A9 0018 003F 0018 003F 0018 0013 0018 0013 0018 0013 0018 0013 0018 0014 0018 0040 0018 0013 0018 003F 0018 003F 0018 0013 0018 0013 0018 0013 0018 0014 0018 0013 0018 003F 0018 003F 0018 0013 0018 0013
[04:01:40][I][remote.pronto:239]: 0018 0013 0018 0013 0018 0014 0018 0013 0018 0013 0017 0013 0018 0013 0018 0013 0018 0013 0018 0040 0018 0013 0018 0040 0018 0013 0018 0013 0018 0013 0018 0013 0018 0013 0017 0013 0018 0014 0018 0013 0018 0013 0017 0013 0018 0013
[04:01:40][I][remote.pronto:239]: 0017 0013 0018 0013 0018 0013 0018 0014 0018 0013 0018 0133 0017 003F 0017 003F 0018 0013 0018 0013 0018 0013 0018 0013 0018 0014 0018 0040 0017 003F 0018 003F 0018 0013 0018 0040 0018 0040 0018 0040 0018 0014 0018 0013 0018 0013
[04:01:40][I][remote.pronto:239]: 0018 0013 0018 0013 0018 0013 0018 0013 0018 0013 0018 0014 0018 0013 0018 0013 0018 0013 0018 0013 0018 0013 0017 0013 0018 0013 0018 0014 0018 0013 0018 0013 0017 0013 0017 0013 0018 0013 0018 0013 0018 0013 0018 0014 0018 0013
[04:01:40][I][remote.pronto:239]: 0018 0013 0018 0013 0018 0013 0018 0013 0017 0013 0017 0014 0017 0014 0018 0013 0018 0013 0018 0013 0018 0013 0018 0013 0018 0013 0018 0013 0017 0014 0018 0013 0017 003F 0018 003F 0018 0013 0017 0040 0018 0040 0018 0013 0018 0014
[04:01:40][I][remote.pronto:239]: 0018 0013 0018 0133 0018 0013 0018 0013 0018 0013 0018 0013 0018 0013 0018 0013 0018 0014 0018 0013 0018 0013 0018 0013 0018 0040 0018 0013 0018 0013 0017 0013 0018 0014 0018 0013 0017 0013 0018 0013 0018 0013 0018 0013 0017 0013
[04:01:40][I][remote.pronto:239]: 0018 0013 0018 0014 0017 0013 0018 0013 0018 0013 0018 0013 0017 0013 0018 0013 0018 0013 0017 0014 0018 0013 0018 0013 0017 0013 0017 0013 0018 0040 0018 0040 0018 0040 0018 0014 0017 0013 0018 0013 0018 0013 0017 0013 0018 0013
[04:01:40][I][remote.pronto:239]: 0018 0013 0018 0013 0018 0014 0018 0013 0018 0013 0018 0013 0018 0040 0018 0040 0018 0040 0018 0040 0018 0014 0018 0013 0019 0180
[04:01:41][I][remote.pronto:239]: 0000 006D 00AC 0000 0160 00A9 0018 003F 0018 003F 0018 0013 0018 0013 0018 0013 0018 0013 0018 0014 0018 0040 0018 0013 0018 003F 0018 003F 0018 0013 0018 0013 0018 0013 0018 0014 0018 0013 0018 0013 0018 0013 0018 0013 0018 0013
[04:01:41][I][remote.pronto:239]: 0018 0013 0018 0013 0018 0014 0018 0013 0018 0013 0018 0013 0018 0013 0018 0013 0018 0013 0018 0040 0018 0040 0018 003F 0018 0013 0018 0013 0018 0013 0018 0013 0018 0013 0018 0013 0018 0014 0018 0013 0018 0013 0017 0013 0018 0013
[04:01:41][I][remote.pronto:239]: 0018 0013 0018 0040 0018 0013 0018 0014 0018 003F 0018 0133 0018 003F 0018 003F 0018 0013 0018 0013 0018 0013 0018 0013 0018 0014 0018 0040 0018 003F 0018 003F 0018 0013 0018 0040 0018 0040 0018 0040 0018 0014 0017 0013 0018 0013
[04:01:41][I][remote.pronto:239]: 0018 0013 0018 0013 0018 0013 0017 0013 0018 0013 0018 0014 0017 0013 0018 0013 0018 0013 0018 0013 0018 0013 0018 0013 0018 0013 0017 0014 0018 0013 0018 0013 0018 0013 0018 0013 0018 0013 0018 0013 0018 0013 0018 0014 0018 0013
[04:01:41][I][remote.pronto:239]: 0018 0013 0018 0013 0018 0013 0018 0013 0017 0013 0018 0013 0018 0014 0017 0013 0018 0013 0018 0013 0018 0013 0018 0013 0018 0013 0018 0013 0018 0014 0018 0013 0018 0013 0018 0013 0018 0013 0018 0040 0018 0013 0018 0013 0018 0040
[04:01:41][I][remote.pronto:239]: 0018 003F 0018 0133 0018 0013 0017 0013 0017 0013 0018 0013 0018 0013 0018 0013 0018 0014 0018 0013 0018 0013 0018 0013 0018 0040 0018 0013 0018 0013 0018 0013 0018 0014 0018 0013 0017 0013 0018 0013 0018 0013 0017 0013 0018 0013
[04:01:41][I][remote.pronto:239]: 0018 0013 0018 0014 0018 0013 0018 0013 0018 0013 0018 0013 0018 0013 0018 0013 0017 0013 0018 0014 0018 0013 0018 0013 0018 0013 0017 0013 0018 0040 0018 0040 0018 0040 0018 0014 0018 0013 0017 0013 0017 0013 0018 0013 0018 0013
[04:01:41][I][remote.pronto:239]: 0018 0013 0018 0013 0018 0014 0018 0013 0018 0013 0018 0013 0017 0040 0018 0040 0018 0040 0018 0040 0018 0013 0018 0013 0019 0180
[04:01:42][I][remote.pronto:239]: 0000 006D 00AC 0000 0160 00A9 0018 003F 0018 003F 0018 0013 0018 0013 0018 0013 0018 0013 0017 0014 0018 0040 0018 0013 0018 003F 0018 0040 0018 0013 0018 0013 0018 0013 0018 0014 0017 0013 0018 003F 0018 003F 0018 0013 0018 0013
[04:01:42][I][remote.pronto:239]: 0017 0013 0018 0013 0017 0014 0018 0013 0017 0013 0018 0013 0018 0013 0018 0013 0018 0013 0018 0040 0018 0014 0018 0040 0018 0013 0018 0013 0018 0013 0018 0013 0018 0013 0018 0013 0018 0014 0018 0013 0017 0013 0018 0013 0018 0013
[04:01:42][I][remote.pronto:239]: 0017 0013 0018 0013 0017 0013 0018 0014 0018 0013 0017 0133 0018 003F 0018 003F 0018 0013 0018 0013 0018 0013 0018 0013 0017 0014 0018 0040 0018 003F 0018 003F 0018 0013 0018 0040 0018 0040 0018 0040 0018 0013 0018 0013 0018 0013
[04:01:42][I][remote.pronto:239]: 0018 0013 0018 0013 0018 0013 0018 0013 0018 0013 0018 0014 0018 0013 0018 0013 0018 0013 0018 0013 0018 0013 0018 0013 0018 0013 0018 0014 0018 0013 0018 0013 0018 0013 0017 0013 0018 0013 0018 0013 0018 0013 0018 0014 0018 0013
[04:01:42][I][remote.pronto:239]: 0018 0013 0018 0013 0018 0013 0018 0013 0018 0013 0018 0013 0018 0014 0018 0013 0018 0013 0018 0013 0018 0013 0018 0013 0018 0013 0018 0013 0018 0014 0018 0013 0018 003F 0018 003F 0018 0013 0018 0040 0018 0040 0018 0013 0018 0014
[04:01:42][I][remote.pronto:239]: 0018 0013 0018 0133 0018 0013 0018 0013 0018 0013 0018 0013 0018 0013 0018 0013 0018 0014 0018 0013 0018 0013 0018 0013 0018 0040 0018 0013 0018 0013 0018 0013 0018 0014 0018 0013 0018 0013 0018 0013 0018 0013 0018 0013 0018 0013
[04:01:42][I][remote.pronto:239]: 0018 0013 0018 0014 0018 0013 0018 0013 0018 0013 0018 0013 0018 0013 0018 0013 0018 0013 0018 0014 0018 0013 0018 0013 0018 0013 0018 0013 0018 0040 0018 0040 0018 0040 0018 0014 0018 0013 0018 0013 0018 0013 0018 0013 0018 0013
[04:01:42][I][remote.pronto:239]: 0018 0013 0018 0014 0018 0013 0018 0013 0018 0013 0018 0013 0018 003F 0018 0040 0018 0040 0018 0040 0018 0013 0018 0013 0019 0180
