[05:26:48][I][remote.pronto:239]: 0000 006D 00AC 0000 015F 00AA 0017 003F 0018 003F 0018 0013 0017 0013 0016 0014 0017 0014 0017 0014 0017 0040 0019 0012 0016 0040 0017 0040 0018 0013 0017 0013 0017 0013 0017 0014 0017 0013 0017 0013 0018 0013 0018 0013 0017 0013
[05:26:48][I][remote.pronto:239]: 0017 0013 0017 0040 0018 0040 0017 0013 0017 003F 0017 0013 0017 0013 0016 0014 0017 0040 0017 0040 0017 0040 0016 0014 0016 0014 0016 0014 0016 0014 0016 0014 0016 0014 0017 0013 0016 0015 0017 0013 0016 0014 0016 0014 0017 0013
[05:26:48][I][remote.pronto:239]: 0017 0013 0016 0014 0016 0015 0016 0015 0016 0014 0017 0133 0018 003F 0016 0014 0016 0041 0017 0013 0016 0014 0016 0015 0017 0014 0017 0040 0017 003F 0017 0013 0016 0014 0016 0041 0017 0040 0017 0014 0016 0015 0016 0014 0016 0014
[05:26:48][I][remote.pronto:239]: 0016 0014 0016 0014 0016 0014 0016 0014 0017 0014 0017 0014 0017 0013 0016 0014 0017 0013 0016 0014 0016 0014 0016 0015 0016 0015 0016 0015 0015 0015 0016 0014 0016 0014 0016 0014 0016 0014 0017 0013 0016 0015 0016 0015 0016 0014
[05:26:48][I][remote.pronto:239]: 0017 0013 0016 0014 0016 0014 0016 0014 0017 0013 0016 0015 0017 0014 0017 0013 0016 0014 0017 0013 0017 0013 0017 0013 0017 0013 0016 0015 0017 0014 0016 0014 0017 003F 0017 0013 0016 0041 0017 0040 0017 0013 0016 0015 0016 0015
[05:26:48][I][remote.pronto:239]: 0017 003F 0017 0133 0017 0013 0017 0013 0016 0014 0017 0013 0016 0015 0016 0015 0016 0015 0017 0013 0017 0013 0016 0041 0018 0013 0016 0014 0016 0015 0017 0014 0016 0015 0016 0014 0017 0013 0016 0014 0016 0041 0017 0013 0016 0041
[05:26:48][I][remote.pronto:239]: 0018 0013 0017 0014 0016 0014 0016 0014 0017 0013 0016 0014 0017 0013 0016 0014 0016 0015 0016 0015 0016 0014 0016 0014 0016 0014 0016 0014 0017 0040 0017 0040 0018 0040 0017 0014 0016 0014 0017 0013 0017 0013 0017 0013 0017 0014
[05:26:48][I][remote.pronto:239]: 0017 0013 0017 0014 0016 0015 0017 0013 0017 0013 0017 003F 0017 0040 0017 0040 0018 0013 0016 0041 0017 0014 0016 0014 0019 0180
[05:26:50][I][remote.pronto:239]: 0000 006D 00AC 0000 0160 00A9 0019 003E 0018 003F 0018 0013 0018 0013 0017 0013 0018 0013 0018 0014 0019 003F 0019 0012 0019 003E 0018 003F 0019 0012 0018 0013 0018 0013 0018 0014 0017 0013 0018 0013 0018 0013 0018 0013 0018 0013
[05:26:50][I][remote.pronto:239]: 0018 0013 0018 0040 0019 003F 0018 0013 0019 003E 0018 0013 0018 0013 0019 0012 0019 003F 0018 0040 0018 0040 0018 0013 0018 0013 0018 0013 0018 0013 0017 0013 0019 0012 0018 0013 0018 0014 0018 0013 0019 0012 0018 0013 0018 0013
[05:26:50][I][remote.pronto:239]: 0018 0013 0019 0012 0018 0013 0019 0012 0019 0012 0019 0132 0019 003E 0019 0012 0018 0040 0019 0012 0017 0013 0019 0012 0018 0014 0018 0040 0019 003E 0018 0013 0018 0013 0018 003F 0019 003F 0018 0013 0018 0014 0018 0013 0018 0013
[05:26:50][I][remote.pronto:239]: 0019 0012 0018 0013 0018 0013 0019 0012 0018 0013 0018 0013 0018 0013 0018 0013 0018 0013 0019 0012 0018 0013 0018 0013 0018 0013 0019 0012 0018 0013 0018 0013 0018 0013 0019 0012 0018 0013 0018 0013 0018 0013 0018 0013 0018 0013
[05:26:50][I][remote.pronto:239]: 0019 0012 0019 0012 0018 0013 0018 0013 0018 0013 0018 0013 0019 0012 0018 0013 0017 0013 0018 0013 0019 0012 0019 0012 0018 0013 0018 0013 0018 0013 0018 0013 0018 003F 0019 0012 0019 003E 0019 003F 0019 0012 0018 0013 0018 0014
[05:26:50][I][remote.pronto:239]: 0019 003E 0018 0131 001A 0013 0019 0012 0018 0013 0018 0013 0018 0013 0018 0013 0018 0013 0019 0012 0018 0013 0018 003F 0019 0012 0018 0013 0018 0013 0018 0013 0018 0014 0018 0013 0019 0012 0018 0013 0019 0012 0018 0013 0018 0040
[05:26:50][I][remote.pronto:239]: 0019 0012 0019 0012 0019 0012 0019 0012 0018 0013 0018 0013 0019 0012 0019 0012 0018 0013 0019 0012 0019 0012 0018 0013 0018 0013 0019 0012 0018 0040 0018 0040 0019 003F 0019 0012 0018 0013 0019 0012 0018 0013 0018 0013 0018 0013
[05:26:50][I][remote.pronto:239]: 0019 0012 0017 0013 0019 0012 0018 0013 0019 0012 0019 003E 0019 0012 0018 0040 0018 0013 0018 0040 0017 0014 0019 0012 0019 0180
[05:26:52][I][remote.pronto:239]: 0000 006D 00AC 0000 015E 00AA 0019 003E 0018 003F 0018 0013 0017 0013 0018 0013 0018 0013 0018 0013 0018 0040 0019 0012 0018 003F 0018 003F 0018 0013 0018 0013 0018 0013 0018 0014 0018 0013 0018 0013 0018 0013 0018 0013 0018 0013
[05:26:52][I][remote.pronto:239]: 0018 0013 0018 0040 0019 003F 0018 0013 0018 003F 0018 0013 0019 0012 0018 0013 0019 003F 0018 0040 0019 003F 0018 0013 0018 0013 0018 0013 0018 0013 0019 0012 0018 0013 0017 0013 0018 0014 0018 0013 0018 0013 0017 0013 0018 0013
[05:26:52][I][remote.pronto:239]: 0018 0013 0018 0013 0018 0013 0018 0014 0018 0013 0018 0133 0019 003E 0018 0013 0018 003F 0018 0013 0018 0013 0018 0013 0018 0014 0018 0040 0017 003F 0018 0013 0019 0012 0018 0040 0019 003F 0018 0013 0018 0014 0018 0013 0018 0013
[05:26:52][I][remote.pronto:239]: 0018 0013 0018 0013 0018 0013 0018 0013 0018 0013 0018 0014 0018 0013 0018 0013 0018 0013 0018 0013 0018 0013 0018 0012 0018 0013 0018 0014 0018 0013 0018 0013 0018 0013 0018 0013 0018 0013 0018 0013 0018 0013 0018 0013 0018 0013
[05:26:52][I][remote.pronto:239]: 0018 0013 0018 0013 0018 0013 0018 0013 0017 0013 0018 0013 0018 0014 0018 0013 0018 0013 0018 0013 0018 0013 0019 0012 0017 0013 0019 0012 0019 0012 0018 0013 0018 003F 0019 0012 0018 003F 0018 0040 0018 0013 0018 0013 0018 0014
[05:26:52][I][remote.pronto:239]: 0018 003F 0018 0133 0019 0012 0018 0013 0017 0013 0018 0013 0019 0012 0018 0013 0018 0013 0019 0012 0018 0013 0018 003F 0018 0013 0018 0013 0019 0012 0018 0013 0018 0014 0018 0013 0018 0013 0018 0013 0018 003F 0019 003F 0018 0013
[05:26:52][I][remote.pronto:239]: 0018 0013 0018 0013 0019 0012 0019 0012 0018 0013 0017 0013 0018 0013 0018 0013 0018 0013 0018 0014 0018 0013 0018 0013 0018 0013 0018 0013 0018 0040 0018 0040 0018 0040 0019 0012 0018 0013 0018 0013 0018 0013 0018 0013 0018 0013
[05:26:52][I][remote.pronto:239]: 0019 0012 0018 0013 0019 0013 0017 0013 0019 0012 0018 003F 0018 003F 0019 0012 0018 0040 0019 003F 0018 0014 0018 0013 0019 0180
[05:26:53][I][remote.pronto:239]: 0000 006D 00AC 0000 015F 00AA 0019 003E 0018 003F 0019 0012 0018 0012 0018 0013 0017 0013 0018 0013 0019 003E 0018 0013 0018 003F 0019 003E 0019 0012 0017 0013 0018 0013 0018 0014 0018 0013 0018 0013 0018 0013 0018 0013 0019 0012
[05:26:53][I][remote.pronto:239]: 0019 0012 0019 003F 0019 003F 0018 0013 0018 003F 0018 0012 0018 0013 0018 0013 0019 003F 0018 0040 0019 003F 0019 0012 0018 0013 0018 0013 0018 0013 0019 0012 0018 0013 0018 0013 0019 0012 0018 0013 0018 0013 0018 0013 0019 0012
[05:26:53][I][remote.pronto:239]: 0018 0013 0018 0013 0019 0012 0018 0014 0018 0013 0018 0133 0019 003E 0018 0013 0018 003F 0018 0013 0018 0013 0018 0013 0018 0013 0019 003F 0019 003E 0019 0012 0018 0013 0017 0040 0019 003F 0019 0012 0018 0013 0019 0012 0018 0013
[05:26:53][I][remote.pronto:239]: 0019 0012 0019 0012 0017 0013 0018 0013 0018 0013 0018 0014 0018 0013 0019 0012 0018 0013 0018 0013 0019 0012 0018 0013 0019 0012 0018 0014 0018 0013 0018 0013 0018 0013 0018 0013 0018 0013 0018 0013 0018 0013 0018 0014 0018 0013
[05:26:53][I][remote.pronto:239]: 0018 0013 0018 0013 0018 0013 0018 0013 0017 0013 0019 0012 0018 0013 0018 0013 0018 0013 0019 0012 0019 0012 0019 0012 0018 0013 0018 0013 0018 0013 0018 0013 0018 003F 0019 0012 0018 0040 0019 003E 0018 0013 0018 0013 0019 0013
[05:26:53][I][remote.pronto:239]: 0019 003E 0018 0133 0019 0012 0019 0012 0019 0012 0018 0013 0019 0012 0018 0013 0019 0012 0019 0012 0019 0012 0019 003E 0019 0012 0018 0013 0019 0012 0019 0012 0019 0012 0018 0013 0019 0012 0018 0013 0019 0012 0019 003F 0018 0013
[05:26:53][I][remote.pronto:239]: 0018 0013 0019 0013 0019 0012 0017 0013 0019 0012 0018 0013 0019 0012 0018 0013 0018 0013 0017 0014 0018 0013 0018 0013 0018 0013 0018 0013 0018 0040 0018 0040 0019 003F 0019 0013 0017 0013 0018 0013 0018 0013 0019 0012 0019 0012
[05:26:53][I][remote.pronto:239]: 0019 0012 0019 0012 0017 0014 0018 0013 0018 0012 0018 003F 0018 0013 0018 0013 0018 0040 0019 003F 0019 0012 0018 0013 0019 0180
[05:26:54][I][remote.pronto:239]: 0000 006D 00AC 0000 015F 00AA 0019 003E 0018 003F 0019 0012 0018 0013 0018 0013 0018 0013 0018 0014 0018 0040 0019 0012 0018 003F 0019 003F 0018 0013 0018 0013 0019 0012 0019 0012 0019 0012 0018 0013 0019 0012 0019 0012 0019 0012
[05:26:54][I][remote.pronto:239]: 0017 0013 0017 0040 0019 003F 0019 0012 0019 003E 0019 0012 0018 0013 0018 0013 0019 003F 0018 0040 0019 003F 0019 0012 0018 0013 0018 0013 0018 0013 0018 0013 0018 0013 0018 0013 0019 0013 0018 0013 0018 0013 0019 0012 0018 0013
[05:26:54][I][remote.pronto:239]: 0019 0012 0019 0012 0018 0013 0019 0013 0019 0012 0018 0133 0018 003F 0019 0012 0018 003F 0019 0012 0018 0013 0019 0012 0018 0013 0019 003E 0018 003F 0019 0012 0019 0012 0019 003F 0019 003F 0018 0013 0018 0014 0019 0012 0018 0013
[05:26:54][I][remote.pronto:239]: 0017 0013 0018 0013 0018 0013 0019 0012 0019 0012 0018 0014 0018 0013 0018 0013 0018 0013 0019 0012 0019 0012 0019 0012 0019 0012 0018 0014 0018 0013 0018 0013 0019 0012 0019 0012 0019 0012 0018 0013 0019 0012 0019 0012 0018 0013
[05:26:54][I][remote.pronto:239]: 0018 0013 0019 0012 0018 0013 0017 0013 0018 0013 0018 0013 0018 0013 0018 0013 0018 0013 0018 0013 0019 0012 0019 0012 0017 0013 0018 0013 0019 0012 0018 0013 0019 003E 0019 0012 0019 003E 0019 003F 0019 0012 0018 0013 0019 0012
[05:26:54][I][remote.pronto:239]: 0019 003E 0019 0132 0019 0012 0018 0013 0018 0013 0018 0013 0019 0012 0018 0013 0018 0014 0019 0012 0018 0013 0018 003F 0018 0013 0018 0013 0018 0013 0019 0012 0019 0013 0018 0013 0019 0012 0018 0013 0019 003E 0019 0012 0019 0012
[05:26:54][I][remote.pronto:239]: 0019 0012 0018 0014 0018 0013 0018 0013 0018 0012 0018 0012 0018 0013 0019 0012 0019 0012 0019 0012 0019 0012 0018 0013 0018 0013 0018 0013 0019 003F 0018 0040 0019 003F 0019 0012 0019 0012 0019 0012 0018 0013 0019 0012 0019 0012
[05:26:54][I][remote.pronto:239]: 0019 0012 0018 0013 0018 0014 0019 0012 0018 0013 0018 003F 0018 0040 0019 003E 0019 003F 0019 003F 0019 0012 0019 0012 0019 0180
[05:26:55][I][remote.pronto:239]: 0000 006D 00AC 0000 015F 00AA 0019 003E 0019 003E 0019 0012 0019 0012 0018 0013 0018 0013 0019 0012 0018 0040 0019 0012 0019 003E 0019 003E 0018 0013 0018 0012 0018 0013 0018 0014 0018 0013 0018 0013 0018 0013 0018 0013 0018 0013
[05:26:55][I][remote.pronto:239]: 0018 0013 0019 003F 0019 003F 0019 0012 0018 003F 0019 0012 0019 0012 0017 0013 0019 003F 0019 003F 0018 0040 0019 0012 0019 0012 0019 0012 0018 0013 0018 0013 0018 0013 0019 0012 0019 0013 0017 0013 0018 0013 0018 0013 0018 0013
[05:26:55][I][remote.pronto:239]: 0018 0013 0019 0012 0018 0013 0019 0012 0018 0013 0019 0132 0018 003F 0018 0013 0019 003E 0019 0012 0019 0012 0018 0013 0019 0012 0018 0040 0019 003E 0018 0013 0018 0013 0018 0040 0018 0040 0019 0012 0017 0014 0018 0013 0018 0013
[05:26:55][I][remote.pronto:239]: 0018 0013 0018 0013 0018 0013 0018 0013 0018 0013 0018 0013 0018 0013 0018 0013 0018 0013 0018 0013 0018 0013 0019 0012 0018 0013 0018 0014 0018 0013 0017 0013 0018 0013 0019 0012 0018 0013 0019 0012 0018 0013 0018 0013 0018 0013
[05:26:55][I][remote.pronto:239]: 0019 0012 0019 0012 0019 0012 0019 0012 0018 0013 0018 0013 0018 0014 0017 0013 0018 0013 0019 0012 0018 0013 0019 0012 0019 0012 0018 0013 0018 0014 0017 0013 0019 003E 0019 0012 0018 003F 0018 0040 0018 0013 0019 0012 0019 0012
[05:26:55][I][remote.pronto:239]: 0019 003E 0019 0132 0019 0012 0019 0012 0019 0012 0018 0013 0019 0012 0018 0013 0018 0013 0018 0013 0018 0013 0018 003F 0019 0012 0018 0013 0019 0012 0018 0013 0018 0014 0018 0013 0019 0012 0019 0012 0018 0013 0018 0013 0018 0013
[05:26:55][I][remote.pronto:239]: 0018 0013 0018 0014 0018 0013 0018 0013 0019 0012 0019 0012 0018 0013 0019 0012 0019 0012 0018 0014 0018 0013 0018 0013 0018 0013 0018 0013 0018 0040 0019 003F 0019 003F 0019 0012 0018 0013 0018 0013 0018 0013 0018 0013 0018 0013
[05:26:55][I][remote.pronto:239]: 0019 0012 0018 0013 0018 0014 0019 0012 0018 0013 0017 003F 0018 0013 0018 0040 0019 003F 0019 003F 0019 0012 0018 0013 0019 0180
[05:26:56][I][remote.pronto:239]: 0000 006D 00AC 0000 0160 00A9 0019 003E 0018 003F 0019 0012 0018 0013 0018 0013 0018 0013 0018 0013 0017 0040 0019 0012 0019 003E 0018 0040 0019 0012 0017 0013 0018 0013 0018 0013 0017 0013 0018 0013 0018 0013 0018 0013 0019 0012
[05:26:56][I][remote.pronto:239]: 0019 003F 0018 0013 0017 0040 0018 0013 0018 003F 0019 0012 0018 0013 0018 0013 0018 0040 0018 0040 0019 003F 0018 0013 0018 0013 0018 0013 0018 0013 0018 0013 0018 0013 0017 0014 0018 0014 0018 0013 0018 0013 0018 0013 0018 0013
[05:26:56][I][remote.pronto:239]: 0018 0013 0018 0013 0018 0013 0019 0012 0019 0011 0018 0133 0019 003E 0019 0012 0017 0040 0019 0012 0018 0013 0018 0013 0018 0014 0018 0040 0019 003E 0019 0012 0019 0012 0018 0040 0018 0040 0019 0012 0018 0014 0019 0012 0017 0013
[05:26:56][I][remote.pronto:239]: 0018 0013 0018 0013 0018 0013 0018 0013 0018 0013 0019 0013 0018 0013 0019 0012 0019 0012 0018 0013 0018 0013 0019 0012 0019 0012 0018 0014 0019 0012 0019 0012 0018 0013 0019 0012 0019 0012 0018 0013 0019 0012 0018 0014 0018 0013
[05:26:56][I][remote.pronto:239]: 0018 0013 0019 0012 0018 0013 0019 0012 0018 0013 0018 0013 0019 0013 0018 0013 0018 0013 0018 0013 0019 0012 0018 0013 0018 0013 0017 0014 0018 0014 0018 0013 0019 003E 0018 0013 0018 003F 0019 003F 0019 003F 0019 003F 0019 0012
[05:26:56][I][remote.pronto:239]: 0019 003E 0019 0132 0019 0012 0017 0013 0019 0012 0018 0013 0018 0013 0019 0012 0019 0012 0019 0012 0017 0013 0018 003F 0018 0012 0018 0013 0018 0013 0018 0013 0019 0012 0019 0012 0019 0012 0018 0013 0018 0013 0018 0013 0018 0013
[05:26:56][I][remote.pronto:239]: 0017 0013 0017 0014 0019 0012 0019 0012 0019 0012 0018 0013 0018 0013 0018 0013 0019 0012 0019 0012 0017 0013 0019 0012 0019 0012 0019 0012 0019 003F 0019 003F 0019 003F 0019 0012 0018 0013 0019 0012 0018 0013 0018 0012 0019 0012
[05:26:56][I][remote.pronto:239]: 0018 0013 0019 0012 0018 0013 0019 0012 0018 0013 0019 003E 0019 0012 0019 003F 0019 003F 0019 003F 0019 0012 0019 0012 0019 0180
[05:26:58][I][remote.pronto:239]: 0000 006D 00AC 0000 015F 00AA 0019 003E 0019 003E 0018 0013 0019 0012 0019 0012 0018 0013 0018 0013 0018 0040 0018 0013 0018 003F 0019 003E 0019 0012 0018 0013 0019 0012 0018 0014 0019 0012 0018 0013 0019 0012 0018 0013 0018 0013
[05:26:58][I][remote.pronto:239]: 0018 0013 0018 0013 0018 0014 0018 0013 0019 003E 0019 0012 0018 0013 0018 0013 0019 003F 0019 003F 0019 003F 0019 0012 0019 0012 0018 0013 0018 0013 0019 0012 0018 0013 0018 0013 0018 0014 0018 0013 0019 0012 0018 0013 0019 0012
[05:26:58][I][remote.pronto:239]: 0018 0013 0018 0013 0018 0013 0019 0013 0019 0011 0018 0133 0019 003E 0019 0012 0018 003F 0019 0012 0018 0013 0018 0013 0018 0013 0018 0040 0019 003E 0019 0012 0018 0013 0018 0040 0018 0040 0019 0012 0018 0013 0018 0013 0018 0013
[05:26:58][I][remote.pronto:239]: 0017 0013 0018 0013 0018 0013 0018 0013 0018 0013 0018 0014 0018 0013 0019 0012 0018 0013 0019 0012 0019 0012 0018 0013 0018 0013 0018 0013 0018 0013 0018 0013 0018 0013 0019 0012 0017 0013 0018 0013 0018 0013 0019 0012 0018 0013
[05:26:58][I][remote.pronto:239]: 0018 0013 0019 0012 0018 0013 0018 0013 0018 0013 0018 0013 0018 0013 0018 0013 0019 0012 0018 0013 0019 0012 0017 0013 0018 0013 0018 0013 0018 0014 0019 0012 0018 003F 0019 0012 0019 003F 0018 0040 0019 0012 0018 0040 0018 0040
[05:26:58][I][remote.pronto:239]: 0018 003F 0018 0133 0019 0012 0019 0012 0019 0012 0019 0012 0018 0013 0019 0012 0018 0014 0018 0013 0019 0012 0019 003E 0019 0012 0017 0013 0018 0013 0019 0012 0019 0012 0018 0013 0019 0012 0018 0013 0018 0013 0019 0012 0019 0012
[05:26:58][I][remote.pronto:239]: 0019 0012 0018 0014 0019 0012 0019 0012 0018 0013 0019 0012 0018 0013 0019 0012 0018 0013 0019 0013 0018 0013 0019 0012 0019 0012 0019 0012 0019 003F 0019 003E 0019 003F 0019 0012 0018 0013 0019 0012 0018 0013 0018 0013 0018 0013
[05:26:58][I][remote.pronto:239]: 0018 0013 0019 0012 0019 0013 0018 0013 0019 0012 0018 003F 0018 0013 0019 003E 0019 003F 0018 0040 0019 0012 0018 0013 0019 0180
[05:26:59][I][remote.pronto:239]: 0000 006D 00AC 0000 015F 00AA 0018 003F 0019 003E 0018 0013 0019 0012 0018 0013 0018 0013 0018 0013 0019 003F 0019 0012 0018 003F 0019 003E 0019 0012 0019 0012 0018 0013 0018 0013 0019 0012 0018 0013 0019 0012 0018 0013 0018 0013
[05:26:59][I][remote.pronto:239]: 0018 003F 0019 0012 0018 0014 0018 0013 0019 003E 0019 0012 0018 0013 0018 0013 0019 003F 0019 003F 0019 003F 0019 0012 0018 0013 0019 0012 0018 0013 0019 0012 0019 0012 0019 0012 0019 0012 0019 0012 0018 0013 0018 0013 0017 0013
[05:26:59][I][remote.pronto:239]: 0018 0013 0019 0012 0019 0012 0019 0012 0018 0013 0018 0133 0019 003E 0019 0012 0018 003F 0019 0012 0018 0013 0019 0012 0018 0014 0019 003E 0019 003E 0018 0013 0019 0012 0019 003F 0019 003F 0019 0012 0018 0014 0018 0013 0019 0012
[05:26:59][I][remote.pronto:239]: 0018 0013 0018 0013 0019 0012 0018 0013 0019 0012 0019 0012 0019 0012 0019 0012 0017 0013 0017 0013 0018 0013 0018 0013 0018 0013 0018 0014 0019 0012 0018 0013 0019 0012 0019 0012 0018 0013 0019 0012 0018 0013 0018 0014 0019 0012
[05:26:59][I][remote.pronto:239]: 0019 0012 0018 0013 0019 0012 0019 0012 0019 0012 0019 0012 0018 0014 0019 0012 0017 0013 0017 0013 0019 0012 0018 0013 0018 0013 0018 0013 0019 0012 0019 0012 0018 003F 0019 0012 0018 003F 0019 003E 0019 003F 0019 003F 0019 003F
[05:26:59][I][remote.pronto:239]: 0018 003F 0019 0132 0018 0013 0019 0012 0018 0013 0018 0013 0019 0012 0019 0012 0019 0012 0019 0012 0018 0013 0019 003E 0019 0012 0018 0013 0018 0013 0019 0012 0019 0013 0017 0013 0018 0013 0018 0013 0019 0012 0018 0013 0018 0013
[05:26:59][I][remote.pronto:239]: 0018 0013 0019 0012 0019 0012 0017 0013 0018 0013 0018 0013 0018 0013 0017 0013 0019 0012 0018 0014 0019 0012 0018 0013 0018 0013 0019 0012 0017 0040 0019 003F 0019 003F 0019 0013 0017 0013 0018 0013 0019 0012 0018 0013 0019 0012
[05:26:59][I][remote.pronto:239]: 0019 0012 0019 0012 0019 0013 0019 0012 0018 0013 0019 003E 0019 0012 0019 003F 0019 003F 0019 003F 0019 0012 0018 0013 0019 0180
[05:27:00][I][remote.pronto:239]: 0000 006D 00AC 0000 0160 00A9 0019 003E 0019 003E 0019 0012 0018 0013 0019 0012 0019 0012 0018 0014 0018 0040 0019 0012 0019 003E 0019 003F 0019 0012 0019 0012 0017 0013 0018 0014 0019 0012 0018 0013 0018 0013 0018 0013 0018 0013
[05:27:00][I][remote.pronto:239]: 0018 0013 0018 0040 0019 0012 0018 0013 0018 003F 0019 0012 0019 0012 0018 0013 0018 0040 0018 0040 0018 0040 0019 0012 0018 0013 0017 0013 0018 0013 0018 0013 0019 0012 0019 0012 0019 0013 0019 0012 0019 0012 0019 0012 0018 0013
[05:27:00][I][remote.pronto:239]: 0018 0013 0018 0013 0018 0013 0019 0013 0018 0012 0019 0132 0019 003E 0019 0012 0018 0040 0019 0012 0018 0013 0018 0013 0018 0014 0018 0040 0018 003F 0018 0013 0019 0012 0019 003F 0018 0040 0019 0012 0018 0014 0018 0013 0019 0012
[05:27:00][I][remote.pronto:239]: 0019 0012 0018 0013 0017 0013 0019 0012 0018 0013 0019 0013 0018 0013 0017 0013 0018 0013 0019 0012 0018 0013 0018 0013 0018 0013 0019 0012 0019 0012 0018 0013 0019 0012 0018 0013 0019 0012 0019 0012 0019 0012 0017 0014 0018 0013
[05:27:00][I][remote.pronto:239]: 0018 0013 0019 0012 0019 0012 0019 0012 0019 0012 0019 0012 0017 0014 0018 0013 0019 0012 0018 0013 0019 0012 0018 0013 0018 0013 0017 0013 0018 0014 0019 0012 0019 003E 0019 0012 0018 003F 0019 003F 0019 0012 0018 0013 0018 0040
[05:27:00][I][remote.pronto:239]: 0018 003F 0018 0133 0019 0012 0019 0012 0018 0013 0018 0013 0018 0013 0018 0013 0018 0014 0018 0013 0018 0013 0017 003F 0018 0013 0018 0013 0018 0013 0018 0013 0018 0013 0018 0013 0018 0013 0018 0013 0019 0012 0019 0012 0018 0013
[05:27:00][I][remote.pronto:239]: 0018 0013 0018 0014 0017 0013 0019 0012 0017 0013 0018 0013 0019 0012 0018 0013 0018 0013 0019 0013 0018 0013 0019 0012 0019 0012 0019 0012 0018 003F 0019 003F 0019 003F 0019 0013 0018 0013 0017 0013 0018 0013 0019 0012 0018 0013
[05:27:00][I][remote.pronto:239]: 0019 0012 0019 0012 0019 0012 0018 0013 0017 0013 0019 003E 0019 0012 0019 003F 0018 0040 0019 003F 0018 0014 0018 0012 0019 0180
[05:27:01][I][remote.pronto:239]: 0000 006D 00AC 0000 015F 00AA 0019 003E 0019 003E 0018 0013 0018 0013 0018 0013 0018 0013 0019 0012 0019 003F 0019 0012 0019 003E 0018 003F 0019 0012 0018 0013 0018 0013 0018 0014 0019 0012 0018 0012 0018 0013 0018 0013 0018 0013
[05:27:01][I][remote.pronto:239]: 0018 0013 0018 0040 0019 0012 0018 0013 0019 003E 0019 0012 0019 0012 0019 0012 0019 003F 0019 003F 0019 003F 0018 0013 0019 0012 0019 0012 0019 0012 0018 0013 0018 0013 0019 0012 0019 0012 0018 0012 0018 0013 0019 0012 0019 0012
[05:27:01][I][remote.pronto:239]: 0019 0012 0018 0013 0019 0012 0018 0014 0019 0012 0018 0133 0019 003E 0019 0012 0018 0040 0019 0012 0019 0012 0019 0012 0019 0012 0019 003E 0018 003F 0019 0012 0019 0012 0019 003E 0019 003F 0019 0012 0018 0014 0018 0013 0019 0012
[05:27:01][I][remote.pronto:239]: 0018 0013 0018 0013 0018 0013 0018 0013 0019 0012 0019 0012 0019 0012 0019 0012 0019 0012 0019 0012 0019 0012 0019 0012 0019 0012 0019 0012 0018 0013 0018 0013 0018 0013 0018 0013 0018 0013 0019 0012 0019 0012 0018 0014 0018 0013
[05:27:01][I][remote.pronto:239]: 0018 0013 0017 0013 0018 0013 0018 0013 0019 0012 0019 0012 0019 0012 0018 0013 0018 0013 0017 0013 0018 0013 0018 0013 0018 0013 0019 0012 0019 0013 0019 0012 0019 003E 0018 0013 0018 003F 0019 003F 0019 0012 0018 0013 0018 0040
[05:27:01][I][remote.pronto:239]: 0018 003F 0019 0132 0019 0012 0019 0012 0019 0012 0019 0012 0018 0013 0019 0012 0018 0014 0018 0013 0019 0012 0018 003F 0018 0013 0018 0013 0018 0013 0019 0012 0018 0013 0019 0012 0018 0013 0017 0013 0019 003E 0019 0012 0018 0013
[05:27:01][I][remote.pronto:239]: 0019 0012 0019 0013 0018 0013 0018 0013 0018 0013 0019 0012 0018 0013 0018 0013 0018 0013 0019 0012 0018 0013 0018 0013 0018 0012 0019 0012 0018 0040 0019 003F 0019 003F 0019 0012 0018 0013 0018 0012 0018 0013 0019 0012 0018 0013
[05:27:01][I][remote.pronto:239]: 0018 0013 0019 0012 0019 0012 0019 0012 0019 0012 0019 003E 0019 003F 0019 003F 0018 0040 0018 0040 0019 0012 0018 0013 0019 0180
[05:27:02][I][remote.pronto:239]: 0000 006D 00AC 0000 0160 00A9 0019 003E 0019 003E 0019 0012 0018 0013 0018 0013 0019 0012 0018 0014 0019 003E 0019 0012 0019 003E 0018 0040 0019 0012 0018 0013 0018 0013 0017 0014 0018 0013 0019 0012 0019 0012 0018 0013 0019 0012
[05:27:02][I][remote.pronto:239]: 0019 0012 0019 003F 0019 0012 0019 0012 0019 003E 0019 0012 0018 0013 0018 0013 0019 003F 0019 003F 0019 003F 0018 0013 0019 0012 0019 0012 0019 0012 0019 0012 0018 0013 0018 0013 0018 0014 0019 0012 0018 0013 0019 0012 0019 0012
[05:27:02][I][remote.pronto:239]: 0019 0012 0019 0012 0019 0012 0018 0014 0017 0013 0019 0132 0019 003E 0019 0012 0018 0040 0019 0012 0018 0013 0019 0012 0018 0014 0019 003F 0019 003E 0019 0012 0018 0013 0018 0040 0019 003F 0018 0013 0018 0014 0019 0012 0019 0012
[05:27:02][I][remote.pronto:239]: 0018 0013 0019 0012 0019 0012 0018 0013 0019 0012 0018 0013 0018 0013 0019 0012 0018 0013 0019 0012 0018 0013 0017 0013 0018 0013 0017 0014 0018 0013 0017 0013 0019 0012 0019 0012 0018 0013 0019 0012 0019 0012 0018 0014 0018 0013
[05:27:02][I][remote.pronto:239]: 0018 0013 0019 0012 0018 0013 0018 0013 0018 0013 0018 0013 0017 0014 0018 0013 0017 0013 0019 0012 0018 0013 0018 0013 0017 0013 0018 0013 0018 0014 0018 0013 0018 003F 0019 0012 0018 003F 0019 003F 0018 0013 0019 0012 0018 0040
[05:27:02][I][remote.pronto:239]: 0019 003E 0019 0132 0019 0012 0018 0013 0019 0012 0018 0013 0018 0013 0019 0012 0018 0014 0018 0013 0018 0013 0018 003F 0019 0012 0018 0013 0018 0013 0018 0013 0018 0014 0019 0012 0018 0013 0018 0013 0018 0013 0019 003F 0018 0013
[05:27:02][I][remote.pronto:239]: 0019 0012 0018 0013 0018 0013 0019 0012 0018 0013 0018 0013 0018 0013 0019 0012 0018 0013 0017 0014 0019 0012 0018 0013 0018 0013 0018 0013 0018 0040 0018 0040 0018 0040 0019 0012 0018 0013 0018 0013 0019 0012 0019 0012 0019 0012
[05:27:02][I][remote.pronto:239]: 0018 0013 0018 0013 0018 0014 0018 0013 0019 0012 0018 003F 0019 0012 0019 0012 0019 003F 0019 003F 0019 0012 0019 0012 0019 0180
[05:27:03][I][remote.pronto:239]: 0000 006D 00AC 0000 015F 00AA 0019 003E 0019 003E 0019 0012 0018 0013 0018 0013 0019 0012 0018 0013 0018 0040 0019 0012 0019 003E 0019 003E 0019 0012 0019 0012 0018 0013 0019 0012 0019 0012 0018 0013 0018 0013 0018 0013 0018 0013
[05:27:03][I][remote.pronto:239]: 0018 0013 0018 0040 0019 0013 0018 0013 0019 003E 0018 0013 0018 0013 0019 0012 0018 0040 0019 003F 0019 003F 0019 0012 0018 0013 0018 0013 0018 0013 0018 0013 0018 0013 0019 0012 0019 0012 0018 0013 0018 0013 0018 0013 0019 0012
[05:27:03][I][remote.pronto:239]: 0018 0013 0018 0013 0019 0012 0019 0012 0018 0013 0018 0132 0019 003E 0018 0013 0019 003E 0018 0013 0018 0013 0018 0013 0019 0012 0019 003F 0018 003F 0019 0012 0019 0012 0019 003F 0019 003F 0019 0012 0018 0014 0018 0013 0019 0012
[05:27:03][I][remote.pronto:239]: 0018 0013 0019 0012 0017 0013 0019 0012 0017 0013 0018 0014 0019 0012 0018 0013 0018 0013 0019 0012 0019 0012 0019 0012 0018 0013 0019 0013 0019 0012 0018 0013 0018 0013 0018 0013 0018 0013 0018 0013 0018 0013 0019 0012 0019 0012
[05:27:03][I][remote.pronto:239]: 0018 0013 0018 0013 0019 0012 0018 0013 0019 0012 0018 0013 0019 0012 0019 0012 0018 0013 0018 0013 0019 0012 0019 0012 0019 0012 0018 0013 0018 0014 0019 0012 0018 003F 0019 0012 0018 003F 0019 003F 0019 0012 0017 0014 0019 003F
[05:27:03][I][remote.pronto:239]: 0019 003E 0019 0132 0018 0013 0018 0013 0018 0013 0019 0012 0019 0012 0019 0012 0018 0014 0019 0012 0018 0013 0018 003F 0018 0013 0017 0013 0018 0013 0018 0013 0019 0013 0018 0013 0018 0013 0019 0012 0019 003E 0019 003E 0019 0012
[05:27:03][I][remote.pronto:239]: 0019 0012 0019 0012 0018 0013 0019 0012 0019 0012 0018 0013 0018 0013 0018 0013 0019 0012 0019 0012 0019 0012 0018 0013 0019 0012 0018 0013 0018 0040 0019 003F 0018 0040 0019 0012 0018 0013 0018 0013 0019 0012 0018 0013 0019 0012
[05:27:03][I][remote.pronto:239]: 0019 0012 0018 0013 0019 0012 0019 0012 0019 0012 0018 003F 0019 003E 0018 0013 0018 0040 0019 003F 0019 0012 0019 0011 0019 0180
[05:27:04][I][remote.pronto:239]: 0000 006D 00AC 0000 015E 00AA 0019 003E 0018 003F 0018 0013 0017 0013 0018 0013 0018 0013 0018 0014 0017 0040 0017 0013 0017 003F 0018 0040 0019 0012 0018 0013 0018 0013 0018 0014 0017 0013 0018 0013 0018 0013 0017 0013 0017 0013
[05:27:04][I][remote.pronto:239]: 0019 0012 0017 0040 0019 0012 0018 0013 0019 003E 0019 0012 0017 0013 0018 0013 0018 0040 0019 003F 0019 003F 0019 0012 0018 0013 0017 0013 0017 0013 0018 0013 0018 0013 0019 0012 0018 0013 0017 0013 0018 0013 0017 0013 0017 0013
[05:27:04][I][remote.pronto:239]: 0018 0013 0017 0013 0018 0013 0017 0014 0017 0013 0018 0133 0019 003E 0019 0012 0019 003E 0018 0013 0018 0013 0017 0013 0018 0013 0018 0040 0019 003E 0018 0013 0018 0013 0018 0040 0018 0040 0017 0014 0017 0014 0018 0013 0018 0013
[05:27:04][I][remote.pronto:239]: 0018 0013 0018 0013 0017 0013 0019 0012 0017 0014 0017 0014 0018 0013 0017 0013 0017 0013 0018 0012 0017 0013 0018 0013 0017 0014 0017 0014 0018 0013 0017 0013 0019 0012 0017 0013 0017 0013 0018 0013 0018 0013 0017 0014 0018 0013
[05:27:04][I][remote.pronto:239]: 0017 0013 0018 0013 0018 0013 0019 0012 0017 0013 0017 0013 0018 0014 0018 0013 0018 0013 0017 0013 0018 0013 0018 0013 0017 0013 0018 0013 0017 0014 0018 0013 0017 003F 0018 0013 0019 003F 0018 0040 0019 0012 0017 0014 0018 0040
[05:27:04][I][remote.pronto:239]: 0019 003E 0019 0132 0019 0012 0017 0013 0018 0013 0017 0013 0017 0013 0018 0013 0017 0014 0018 0013 0018 0013 0018 003F 0018 0013 0017 0013 0018 0013 0018 0013 0018 0014 0017 0013 0017 0013 0018 0013 0018 0013 0017 0013 0018 0040
[05:27:04][I][remote.pronto:239]: 0019 0012 0018 0014 0018 0013 0017 0013 0017 0013 0017 0013 0016 0014 0018 0013 0018 0013 0017 0014 0017 0013 0017 0013 0017 0013 0017 0013 0018 0040 0019 003F 0017 0040 0019 0013 0017 0013 0018 0013 0017 0013 0018 0013 0016 0014
[05:27:04][I][remote.pronto:239]: 0018 0013 0017 0014 0017 0014 0018 0013 0018 0013 0017 0040 0018 0013 0019 003F 0017 0013 0018 0040 0019 0012 0017 0013 0019 0180
[05:27:05][I][remote.pronto:239]: 0000 006D 00AC 0000 015E 00AA 0019 003E 0019 003E 0018 0013 0018 0013 0017 0013 0018 0013 0018 0013 0018 0040 0019 0011 0019 003E 0019 003E 0019 0012 0018 0013 0018 0013 0018 0014 0017 0013 0019 0012 0018 0013 0019 0012 0018 0013
[05:27:05][I][remote.pronto:239]: 0018 0013 0018 0040 0019 0012 0019 0012 0019 003E 0019 0012 0018 0013 0018 0013 0019 003F 0019 003F 0018 0040 0018 0013 0019 0012 0018 0013 0018 0013 0018 0013 0018 0013 0019 0012 0018 0014 0018 0013 0019 0012 0018 0013 0018 0013
[05:27:05][I][remote.pronto:239]: 0018 0013 0019 0012 0018 0013 0017 0014 0018 0013 0018 0133 0019 003E 0019 0012 0018 003F 0019 0012 0018 0013 0019 0012 0018 0013 0018 0040 0019 003E 0019 0012 0018 0013 0018 0040 0019 003F 0019 0012 0018 0013 0018 0013 0017 0013
[05:27:05][I][remote.pronto:239]: 0018 0013 0019 0012 0018 0013 0019 0012 0018 0013 0018 0014 0018 0013 0017 0013 0019 0012 0018 0013 0017 0013 0018 0013 0018 0013 0018 0014 0018 0013 0018 0013 0018 0013 0017 0013 0017 0013 0017 0013 0018 0013 0017 0014 0019 0012
[05:27:05][I][remote.pronto:239]: 0018 0013 0017 0013 0019 0012 0018 0013 0017 0013 0017 0013 0018 0014 0017 0013 0017 0013 0017 0013 0017 0013 0018 0013 0018 0013 0017 0013 0019 0013 0017 0013 0019 003E 0018 0013 0019 003F 0019 003F 0019 0012 0019 0012 0019 003F
[05:27:05][I][remote.pronto:239]: 0019 003E 0019 0132 0019 0012 0018 0013 0019 0012 0019 0012 0019 0012 0018 0013 0018 0014 0018 0013 0019 0012 0017 0040 0019 0012 0017 0013 0017 0013 0017 0014 0018 0014 0017 0013 0017 0013 0018 0013 0017 0040 0018 0013 0018 0040
[05:27:05][I][remote.pronto:239]: 0019 0012 0018 0014 0018 0013 0018 0013 0019 0012 0018 0013 0018 0013 0017 0013 0017 0014 0018 0014 0019 0012 0017 0013 0018 0013 0018 0013 0019 003F 0019 003F 0018 0040 0019 0012 0017 0013 0019 0012 0018 0013 0019 0012 0018 0013
[05:27:05][I][remote.pronto:239]: 0017 0013 0018 0013 0018 0014 0018 0013 0017 0013 0018 003F 0018 003F 0018 0040 0019 0012 0017 0040 0017 0014 0018 0013 0017 0180
