[02:11:25.082][D][remote.beo4:085]: Beo4: n_sym=344,ON
[02:11:25.083][I][remote.pronto:231]: Received Pronto: data=,
[02:11:25.083][I][remote.pronto:239]: 0000 006D 00AC 0000 015E 00AA 0017 003F 0016 0041 0016 0014 0016 0014 0017 0013 0016 0015 0016 0015 0016 0041 0017 0013 0016 0041 0017 0040 0016 0014 0016 0014 0016 0015 0016 0015 0016 0014 0016 0040 0016 0014 0016 0041 0017 0013,
[02:11:25.145][I][remote.pronto:239]: 0016 0014 0016 0015 0016 0015 0016 0014 0016 0014 0016 0014 0016 0014 0016 0014 0016 0014 0016 0041 0017 0040 0017 0040 0016 0014 0016 0014 0016 0014 0016 0014 0016 0014 0016 0015 0016 0015 0016 0014 0015 0015 0016 0014 0017 0013,
[02:11:25.146][I][remote.pronto:239]: 0016 0014 0016 0015 0016 0015 0016 0015 0017 0013 0016 0134 0016 0014 0016 0041 0017 0013 0016 0014 0017 0014 0016 0015 0016 0015 0016 0041 0017 003F 0016 0014 0016 0014 0017 0040 0017 0014 0016 0015 0016 0015 0017 0040 0017 0013,
[02:11:25.146][I][remote.pronto:239]: 0016 0014 0017 0040 0018 0013 0017 0040 0017 0014 0017 0014 0017 0014 0016 0014 0016 0014 0016 0014 0016 0014 0017 0013 0017 0014 0017 0014 0016 0041 0016 0014 0016 0040 0017 0040 0017 0013 0016 0014 0016 0015 0016 0015 0016 0014,
[02:11:25.214][I][remote.pronto:239]: 0016 0014 0017 0013 0016 0014 0017 0013 0017 0013 0016 0015 0017 0014 0017 0013 0016 0014 0016 0014 0016 0014 0016 0014 0016 0015 0016 0015 0016 0015 0016 0014 0016 0014 0016 0014 0017 0040 0017 0040 0016 0041 0016 0041 0016 0041,
[02:11:25.215][I][remote.pronto:239]: 0016 0014 0017 0133 0016 0014 0017 0013 0016 0014 0017 0013 0016 0015 0017 0014 0016 0015 0016 0014 0017 003F 0016 0014 0016 0014 0016 0014 0016 0014 0017 0014 0016 0015 0016 0014 0016 0014 0016 0014 0017 0013 0016 0014 0016 0015,
[02:11:25.215][I][remote.pronto:239]: 0016 0015 0016 0015 0016 0014 0016 0014 0016 0014 0017 0013 0016 0014 0016 0014 0016 0015 0016 0015 0017 0013 0016 0014 0016 0014 0017 0013 0016 0041 0017 0040 0016 0041 0016 0015 0016 0014 0016 0014 0016 0014 0016 0014 0016 0014,
[02:11:25.669][I][remote.pronto:239]: 0017 0013 0016 0015 0016 0015 0016 0014 0016 0040 0016 0014 0016 0014 0016 0041 0017 0040 0017 0040 0017 0014 0016 0014 0017 0180,
[02:11:33.242][D][remote.beo4:085]: Beo4: n_sym=344,OFF
[02:11:33.242][I][remote.pronto:231]: Received Pronto: data=,
[02:11:33.254][I][remote.pronto:239]: 0000 006D 00AC 0000 0160 00A9 0016 0040 0016 0041 0016 0014 0016 0014 0016 0014 0016 0015 0016 0015 0017 0041 0016 0014 0016 0040 0016 0041 0016 0014 0016 0014 0016 0014 0017 0015 0016 0014 0016 0040 0016 0014 0016 0041 0016 0014,
[02:11:33.266][I][remote.pronto:239]: 0016 0014 0016 0015 0016 0015 0016 0014 0016 0014 0016 0014 0016 0014 0016 0014 0016 0014 0016 0041 0016 0041 0016 0041 0016 0014 0016 0014 0016 0014 0016 0014 0016 0014 0016 0014 0017 0015 0016 0014 0016 0014 0016 0014 0016 0014,
[02:11:33.287][I][remote.pronto:239]: 0016 0014 0016 0014 0016 0015 0016 0015 0016 0014 0016 0134 0016 0014 0016 0040 0016 0014 0016 0014 0016 0014 0016 0014 0017 0015 0016 0041 0016 0040 0016 0014 0016 0014 0016 0041 0016 0014 0016 0015 0016 0015 0016 0041 0016 0014,
[02:11:33.352][I][remote.pronto:239]: 0016 0014 0016 0041 0016 0014 0016 0041 0016 0015 0016 0015 0017 0014 0016 0014 0016 0014 0016 0014 0016 0014 0016 0014 0016 0015 0016 0015 0016 0041 0016 0014 0017 0040 0016 0041 0016 0014 0016 0014 0016 0014 0016 0015 0016 0014,
[02:11:33.355][I][remote.pronto:239]: 0017 0014 0016 0014 0016 0014 0016 0014 0016 0014 0016 0015 0016 0015 0016 0014 0016 0014 0016 0014 0016 0014 0016 0014 0016 0014 0017 0014 0016 0015 0016 0014 0016 0014 0017 0014 0016 0041 0016 0041 0016 0041 0016 0041 0016 0041,
[02:11:33.355][I][remote.pronto:239]: 0016 0014 0016 0134 0016 0014 0016 0014 0016 0014 0016 0014 0016 0014 0016 0014 0016 0015 0016 0014 0016 0040 0016 0014 0016 0014 0016 0014 0016 0014 0016 0015 0016 0015 0016 0014 0016 0014 0016 0014 0016 0014 0016 0014 0016 0014,
[02:11:33.694][I][remote.pronto:239]: 0017 0015 0016 0015 0016 0014 0016 0014 0016 0014 0016 0014 0016 0014 0016 0014 0016 0015 0016 0015 0016 0014 0016 0014 0016 0014 0017 0014 0016 0041 0016 0014 0016 0041 0016 0015 0016 0014 0016 0014 0016 0014 0016 0014 0016 0014,
[02:11:33.695][I][remote.pronto:239]: 0016 0014 0016 0014 0016 0015 0016 0014 0016 0040 0016 0014 0016 0014 0016 0041 0016 0014 0016 0041 0016 0015 0016 0014 0019 0180,
[02:13:48.654][D][remote.beo4:085]: Beo4: n_sym=344,cooling
[02:13:48.654][I][remote.pronto:231]: Received Pronto: data=,
[02:13:48.655][I][remote.pronto:239]: 0000 006D 00AC 0000 015E 00AA 0017 003F 0017 0040 0017 0013 0016 0014 0016 0015 0016 0015 0016 0015 0016 0041 0016 0014 0016 0041 0017 0040 0016 0014 0017 0014 0016 0015 0016 0015 0015 0015 0016 0014 0016 0014 0016 0014 0016 0014,
[02:13:48.708][I][remote.pronto:239]: 0015 0016 0016 0015 0016 0015 0016 0014 0016 0014 0015 0042 0017 0013 0016 0014 0016 0014 0016 0015 0016 0015 0016 0041 0016 0014 0016 0014 0016 0014 0016 0014 0016 0015 0016 0015 0016 0015 0016 0014 0016 0014 0017 0013 0016 0014,
[02:13:48.708][I][remote.pronto:239]: 0016 0014 0017 0013 0016 0015 0016 0015 0016 0014 0015 0135 0017 0013 0016 0041 0017 0013 0016 0014 0016 0015 0016 0015 0016 0015 0016 0041 0017 0013 0015 0015 0016 0041 0016 0041 0016 0014 0017 0014 0016 0015 0016 0041 0017 0013,
[02:13:48.720][I][remote.pronto:239]: 0016 0014 0016 0041 0017 0013 0017 0040 0017 0014 0016 0015 0016 0014 0016 0014 0016 0014 0016 0014 0016 0014 0016 0015 0017 0014 0017 0014 0016 0041 0017 0013 0016 0041 0017 0040 0016 0014 0016 0015 0015 0016 0016 0015 0016 0014,
[02:13:48.791][I][remote.pronto:239]: 0016 0014 0016 0014 0016 0014 0016 0014 0016 0015 0016 0015 0016 0015 0016 0014 0016 0014 0016 0014 0016 0014 0016 0014 0016 0015 0017 0014 0016 0015 0016 0014 0016 0014 0016 0041 0016 0041 0017 0040 0017 0040 0017 0014 0016 0015,
[02:13:48.792][I][remote.pronto:239]: 0016 0014 0016 0134 0016 0014 0016 0014 0016 0014 0016 0014 0016 0015 0016 0015 0016 0015 0016 0014 0016 0014 0016 0041 0017 0040 0017 0013 0016 0014 0016 0015 0016 0015 0016 0014 0016 0014 0016 0014 0016 0014 0016 0015,
[02:13:48.792][I][remote.pronto:239]: 0016 0015 0016 0015 0016 0014 0016 0014 0016 0014 0015 0015 0016 0014 0016 0015 0016 0015 0016 0015 0016 0014 0016 0014 0016 0014 0016 0014 0015 0042 0017 0014 0016 0041 0017 0014 0016 0014 0015 0015 0017 0013 0016 0014 0016 0014,
[02:13:48.941][I][remote.pronto:239]: 0016 0014 0016 0015 0015 0016 0016 0014 0016 0014 0016 0040 0016 0041 0017 0040 0017 0013 0016 0041 0017 0014 0017 0013 0017 0180,
[02:13:51.925][D][remote.beo4:085]: Beo4: n_sym=344,dry
[02:13:51.925][I][remote.pronto:231]: Received Pronto: data=,
[02:13:51.938][I][remote.pronto:239]: 0000 006D 00AC 0000 015E 00AB 0017 003F 0016 0041 0016 0014 0016 0014 0016 0015 0016 0015 0016 0015 0016 0041 0016 0014 0016 0041 0017 0040 0016 0014 0016 0014 0016 0015 0016 0015 0016 0014 0016 0014 0016 0014 0016 0014 0016 0014,
[02:13:51.948][I][remote.pronto:239]: 0016 0015 0016 0015 0016 0015 0016 0014 0016 0040 0017 0040 0016 0014 0016 0014 0016 0041 0017 0040 0017 0040 0016 0014 0016 0014 0016 0014 0016 0014 0016 0014 0016 0014 0015 0016 0016 0015 0016 0015 0016 0014 0016 0014 0016 0014,
[02:13:51.969][I][remote.pronto:239]: 0016 0014 0016 0015 0016 0015 0016 0015 0015 0015 0016 0134 0017 0013 0016 0041 0017 0013 0016 0014 0016 0015 0016 0015 0016 0015 0016 0041 0017 0013 0016 0014 0016 0041 0016 0041 0017 0013 0016 0015 0016 0015 0016 0041 0016 0014,
[02:13:52.042][I][remote.pronto:239]: 0016 0014 0017 0040 0017 0013 0016 0041 0016 0015 0016 0015 0016 0014 0016 0014 0016 0014 0016 0014 0016 0014 0015 0016 0016 0015 0016 0015 0016 0041 0016 0014 0016 0041 0017 0040 0016 0014 0016 0015 0016 0015 0016 0015 0016 0014,
[02:13:52.042][I][remote.pronto:239]: 0016 0014 0016 0014 0016 0014 0016 0014 0016 0015 0016 0015 0016 0015 0016 0014 0017 0013 0016 0014 0016 0014 0016 0014 0016 0015 0016 0015 0016 0015 0017 0013 0016 0041 0017 0040 0016 0041 0017 0040 0017 0013 0016 0041 0016 0041,
[02:13:52.043][I][remote.pronto:239]: 0016 0040 0016 0134 0017 0013 0016 0014 0016 0014 0015 0015 0016 0014 0016 0015 0016 0015 0016 0014 0016 0014 0016 0041 0016 0041 0017 0013 0016 0014 0016 0015 0016 0015 0016 0014 0016 0014 0016 0014 0016 0014 0016 0015,
[02:13:52.491][I][remote.pronto:239]: 0015 0016 0016 0015 0016 0014 0016 0014 0016 0014 0016 0014 0016 0014 0016 0015 0016 0015 0016 0015 0016 0014 0015 0015 0016 0014 0016 0014 0016 0041 0016 0015 0016 0041 0016 0015 0016 0014 0016 0014 0016 0014 0016 0014 0016 0014,
[02:13:52.492][I][remote.pronto:239]: 0016 0015 0016 0015 0016 0015 0016 0014 0016 0014 0015 0042 0017 0040 0016 0041 0016 0014 0016 0041 0017 0014 0016 0014 0017 0180,
[02:13:54.259][D][remote.beo4:085]: Beo4: n_sym=344,fan only
[02:13:54.273][I][remote.pronto:231]: Received Pronto: data=,
[02:13:54.273][I][remote.pronto:239]: 0000 006D 00AC 0000 015E 00AA 0016 0040 0016 0041 0017 0013 0016 0014 0016 0015 0016 0015 0016 0015 0016 0041 0016 0014 0015 0042 0016 0041 0016 0014 0016 0015 0016 0015 0016 0015 0016 0014 0016 0040 0016 0014 0016 0014 0016 0014,
[02:13:54.287][I][remote.pronto:239]: 0016 0015 0016 0015 0016 0015 0016 0014 0016 0014 0016 0014 0016 0041 0016 0014 0016 0041 0016 0041 0017 0040 0016 0014 0016 0014 0016 0014 0016 0014 0016 0014 0016 0015 0016 0015 0016 0015 0016 0014 0016 0014 0016 0014 0016 0014,
[02:13:54.348][I][remote.pronto:239]: 0016 0014 0016 0015 0016 0015 0016 0015 0016 0014 0017 0133 0016 0014 0016 0041 0016 0014 0016 0014 0016 0015 0016 0015 0016 0015 0016 0041 0017 0013 0015 0015 0016 0041 0016 0041 0016 0015 0017 0014 0016 0015 0016 0041 0017 0013,
[02:13:54.348][I][remote.pronto:239]: 0016 0014 0016 0041 0016 0014 0016 0041 0016 0015 0016 0015 0016 0014 0017 0013 0016 0014 0016 0014 0016 0014 0016 0015 0016 0015 0016 0015 0016 0041 0017 0013 0015 0042 0016 0041 0017 0013 0016 0015 0016 0015 0016 0015 0016 0014,
[02:13:54.354][I][remote.pronto:239]: 0016 0014 0016 0014 0016 0014 0016 0014 0016 0015 0016 0015 0016 0015 0016 0014 0016 0014 0016 0014 0016 0014 0016 0014 0016 0015 0016 0015 0016 0015 0016 0014 0016 0040 0016 0014 0016 0014 0016 0041 0016 0015 0016 0041 0016 0041,
[02:13:54.419][I][remote.pronto:239]: 0016 0040 0016 0134 0016 0014 0016 0014 0016 0014 0016 0014 0016 0014 0017 0014 0016 0015 0016 0014 0016 0014 0016 0041 0016 0041 0016 0014 0016 0015 0016 0015 0015 0016 0016 0014 0016 0014 0016 0014 0016 0014 0016 0014 0016 0015,
[02:13:54.420][I][remote.pronto:239]: 0016 0015 0016 0015 0016 0014 0016 0014 0016 0014 0016 0014 0016 0014 0017 0013 0016 0015 0016 0015 0016 0014 0016 0014 0016 0014 0016 0014 0016 0041 0016 0015 0017 0040 0016 0015 0016 0014 0016 0014 0016 0014 0016 0014 0016 0014,
[02:13:54.421][I][remote.pronto:239]: 0017 0014 0016 0015 0016 0015 0016 0014 0016 0014 0016 0041 0016 0041 0016 0041 0016 0014 0015 0042 0016 0015 0016 0014 0017 0180,
[02:13:58.031][D][remote.beo4:085]: Beo4: n_sym=344,heating
[02:13:58.031][I][remote.pronto:231]: Received Pronto: data=,
[02:13:58.031][I][remote.pronto:239]: 0000 006D 00AC 0000 015E 00AA 0016 0041 0016 0041 0017 0013 0016 0014 0016 0015 0016 0015 0017 0014 0016 0041 0017 0013 0016 0041 0017 0040 0016 0014 0016 0015 0016 0015 0016 0015 0016 0014 0016 0014 0016 0014 0016 0014 0017 0013,
[02:13:58.095][I][remote.pronto:239]: 0016 0015 0016 0015 0016 0015 0016 0014 0015 0015 0016 0014 0016 0014 0017 0013 0016 0041 0016 0015 0016 0041 0017 0013 0016 0014 0016 0014 0016 0014 0015 0015 0016 0015 0016 0015 0016 0015 0016 0014 0016 0014 0016 0014 0016 0014,
[02:13:58.095][I][remote.pronto:239]: 0016 0014 0016 0015 0016 0015 0015 0016 0017 0013 0016 0134 0017 0013 0016 0041 0016 0014 0017 0013 0016 0015 0016 0015 0016 0015 0016 0041 0016 0014 0016 0014 0016 0041 0017 0040 0016 0015 0016 0015 0016 0015 0016 0041 0016 0014,
[02:13:58.095][I][remote.pronto:239]: 0016 0014 0016 0041 0016 0014 0016 0041 0016 0015 0016 0015 0016 0014 0016 0014 0016 0014 0016 0014 0016 0014 0016 0014 0016 0015 0016 0015 0016 0041 0016 0014 0017 003F 0017 0040 0016 0014 0017 0013 0016 0015 0016 0015 0016 0014,
[02:13:58.166][I][remote.pronto:239]: 0015 0015 0016 0014 0016 0014 0016 0014 0016 0015 0016 0015 0016 0015 0016 0014 0016 0014 0016 0014 0016 0014 0016 0014 0016 0015 0016 0015 0016 0015 0016 0014 0016 0014 0016 0014 0016 0041 0017 0041 0016 0015 0017 0014 0016 0041,
[02:13:58.167][I][remote.pronto:239]: 0016 0040 0016 0134 0016 0014 0016 0014 0016 0014 0016 0014 0016 0015 0016 0015 0016 0015 0016 0014 0016 0014 0016 0041 0016 0041 0017 0013 0016 0015 0015 0016 0016 0015 0016 0014 0016 0014 0016 0014 0016 0014 0016 0014 0016 0014,
[02:13:58.167][I][remote.pronto:239]: 0016 0015 0016 0015 0016 0014 0016 0014 0016 0014 0016 0014 0016 0014 0016 0015 0016 0015 0016 0015 0016 0014 0016 0014 0016 0014 0017 0013 0016 0041 0016 0014 0016 0041 0016 0015 0016 0014 0016 0014 0016 0014 0016 0014 0016 0014,
[02:13:58.616][I][remote.pronto:239]: 0016 0015 0016 0015 0016 0015 0016 0014 0016 0014 0016 0041 0017 0040 0016 0041 0016 0014 0016 0041 0016 0015 0016 0014 0017 0180,
[02:15:45.048][D][remote.beo4:085]: Beo4: n_sym=344,sleep
[02:15:45.048][I][remote.pronto:231]: Received Pronto: data=,
[02:15:45.060][I][remote.pronto:239]: 0000 006D 00AC 0000 015E 00AA 0016 0040 0017 003F 0017 0013 0018 0013 0018 0013 0016 0015 0016 0015 0018 0040 0017 0013 0019 003E 0016 0041 0016 0014 0017 0013 0017 0014 0017 0014 0018 0013 0017 003F 0017 0040 0016 0014 0018 0040,
[02:15:45.071][I][remote.pronto:239]: 0017 0013 0019 0012 0018 0014 0017 0013 0018 0013 0017 0013 0018 0013 0018 0013 0016 0041 0017 0014 0017 0040 0016 0014 0018 0013 0017 0013 0018 0013 0017 0013 0018 0013 0017 0013 0018 0014 0017 0013 0017 0013 0017 0013 0017 0013,
[02:15:45.093][I][remote.pronto:239]: 0018 0013 0017 0013 0018 0013 0017 0014 0017 0013 0017 0133 0017 0013 0017 0040 0016 0014 0017 0013 0016 0014 0017 0013 0017 0014 0017 0040 0016 0014 0019 003E 0017 0040 0018 0040 0017 0014 0017 0014 0018 0013 0018 0040 0018 0013,
[02:15:45.157][I][remote.pronto:239]: 0018 0013 0018 0040 0018 0013 0018 0040 0018 0013 0018 0014 0018 0013 0018 0013 0017 0013 0018 0013 0018 0013 0017 0013 0017 0014 0017 0014 0018 0040 0017 0013 0017 0040 0018 003F 0019 0012 0017 0013 0017 0013 0018 0014 0018 0013,
[02:15:45.157][I][remote.pronto:239]: 0018 0013 0017 0013 0017 0013 0018 0013 0017 0013 0017 0013 0018 0014 0016 0014 0018 0013 0018 0013 0018 0013 0018 0013 0017 0013 0016 0015 0018 0013 0017 0013 0018 003F 0018 0013 0018 003F 0018 0013 0017 0013 0017 0013 0017 0040,
[02:15:45.158][I][remote.pronto:239]: 0019 003E 0018 0133 0018 0013 0016 0014 0017 0013 0017 0013 0017 0013 0017 0013 0018 0014 0017 0013 0016 0040 0018 003F 0017 0013 0018 0013 0017 0014 0017 0013 0018 0014 0017 0013 0017 0013 0017 0013 0017 0013 0017 0013 0018 0013,
[02:15:45.639][I][remote.pronto:239]: 0018 0013 0017 0014 0018 0013 0016 0014 0018 0013 0017 0013 0016 0014 0018 0013 0017 0013 0018 0014 0018 0013 0017 0013 0017 0013 0017 0013 0018 0040 0018 0040 0018 0040 0019 0013 0018 0013 0018 0013 0017 0013 0017 0013 0017 0013,
[02:15:45.640][I][remote.pronto:239]: 0018 0013 0018 0013 0017 0014 0017 0013 0017 003F 0018 003F 0018 0013 0017 0040 0018 0040 0018 0040 0018 0013 0017 0013 0019 0180,
[02:16:25.946][D][remote.beo4:085]: Beo4: n_sym=344,22°C
[02:16:25.946][I][remote.pronto:231]: Received Pronto: data=,
[02:16:25.947][I][remote.pronto:239]: 0000 006D 00AC 0000 0160 00A9 0016 0040 0016 0041 0016 0014 0018 0013 0017 0013 0018 0013 0018 0014 0018 0040 0016 0014 0017 003F 0016 0041 0016 0014 0017 0013 0017 0013 0018 0014 0018 0013 0017 003F 0016 0041 0016 0014 0018 0040,
[02:16:26.012][I][remote.pronto:239]: 0016 0014 0018 0013 0018 0013 0018 0013 0018 0013 0017 0013 0017 0013 0018 0013 0018 0013 0017 0040 0016 0041 0016 0014 0018 0013 0018 0013 0018 0013 0018 0013 0018 0013 0018 0014 0017 0014 0018 0013 0018 0013 0017 0013 0018 0013,
[02:16:26.012][I][remote.pronto:239]: 0018 0013 0017 0013 0018 0013 0018 0014 0018 0013 0017 0133 0016 0014 0017 003F 0016 0014 0018 0013 0017 0013 0017 0013 0018 0014 0017 0040 0016 0014 0018 003F 0016 0041 0016 0041 0016 0014 0017 0013 0017 0014 0018 0040 0016 0014,
[02:16:26.013][I][remote.pronto:239]: 0018 0013 0018 003F 0016 0014 0018 0040 0016 0015 0018 0014 0018 0013 0018 0013 0017 0013 0017 0013 0018 0013 0018 0013 0017 0014 0017 0014 0018 0040 0016 0014 0018 003F 0016 0041 0016 0014 0018 0013 0018 0013 0018 0014 0018 0013,
[02:16:26.080][I][remote.pronto:239]: 0018 0013 0018 0013 0018 0013 0017 0013 0018 0013 0018 0013 0018 0014 0017 0013 0018 0013 0018 0013 0018 0013 0018 0013 0018 0013 0017 0013 0017 0014 0017 0013 0017 003F 0016 0014 0018 0040 0016 0014 0018 0040 0016 0041 0016 0041,
[02:16:26.080][I][remote.pronto:239]: 0016 0040 0016 0134 0016 0014 0018 0013 0018 0013 0018 0013 0017 0013 0018 0013 0017 0014 0017 0013 0018 0013 0018 003F 0016 0014 0018 0013 0018 0013 0018 0013 0017 0014 0018 0013 0017 0013 0018 0013 0018 0013 0018 0013 0017 0013,
[02:16:26.081][I][remote.pronto:239]: 0018 0013 0018 0014 0018 0013 0017 0013 0017 0013 0018 0013 0017 0013 0017 0013 0018 0013 0017 0014 0018 0013 0018 0013 0018 0013 0018 0013 0018 0040 0016 0041 0016 0041 0016 0015 0018 0013 0017 0013 0018 0013 0017 0013 0017 0013,
[02:16:26.313][I][remote.pronto:239]: 0017 0013 0018 0013 0017 0014 0018 0013 0018 0013 0018 003F 0016 0014 0018 0040 0016 0041 0016 0041 0016 0015 0017 0013 0019 0180,
[02:16:29.373][D][remote.beo4:085]: Beo4: n_sym=344,23°C
[02:16:29.374][I][remote.pronto:231]: Received Pronto: data=,
[02:16:29.386][I][remote.pronto:239]: 0000 006D 00AC 0000 015E 00AA 0017 003F 0017 0040 0016 0014 0017 0013 0017 0013 0017 0014 0017 0014 0017 0040 0017 0013 0016 0040 0018 0040 0018 0013 0017 0013 0017 0014 0018 0014 0017 0013 0017 003F 0017 0040 0017 0013 0016 0041,
[02:16:29.400][I][remote.pronto:239]: 0017 0013 0017 0014 0017 0014 0016 0014 0017 0013 0016 0014 0017 0013 0016 0014 0016 0041 0017 0040 0017 0040 0018 0013 0017 0013 0016 0014 0016 0014 0017 0013 0017 0013 0016 0015 0016 0015 0016 0014 0017 0013 0016 0014 0016 0014,
[02:16:29.419][I][remote.pronto:239]: 0016 0014 0016 0014 0017 0013 0017 0014 0017 0013 0017 0133 0017 0013 0015 0042 0017 0013 0016 0014 0016 0014 0017 0014 0016 0015 0016 0041 0017 0013 0017 0040 0017 0040 0018 0040 0017 0013 0016 0015 0016 0015 0017 0040 0018 0013,
[02:16:29.493][I][remote.pronto:239]: 0016 0014 0016 0041 0017 0013 0016 0041 0018 0013 0017 0014 0016 0014 0016 0014 0017 0013 0017 0013 0017 0013 0017 0013 0016 0015 0017 0014 0016 0041 0017 0013 0017 0040 0017 0040 0017 0013 0016 0014 0016 0015 0017 0014 0016 0014,
[02:16:29.493][I][remote.pronto:239]: 0016 0014 0017 0013 0017 0013 0017 0013 0015 0016 0016 0014 0016 0015 0016 0014 0017 0013 0016 0014 0016 0014 0017 0013 0016 0014 0017 0014 0016 0015 0016 0014 0017 003F 0017 0013 0016 0041 0017 0013 0016 0014 0017 0040 0017 0040,
[02:16:29.494][I][remote.pronto:239]: 0017 003F 0017 0133 0017 0013 0016 0014 0016 0014 0016 0014 0016 0014 0016 0015 0016 0015 0017 0013 0016 0014 0017 0040 0017 0013 0017 0013 0016 0014 0016 0015 0016 0015 0016 0014 0017 0013 0017 0013 0016 0014 0016 0014 0017 0014,
[02:16:29.838][I][remote.pronto:239]: 0016 0015 0016 0015 0016 0014 0016 0014 0016 0014 0016 0014 0017 0013 0016 0014 0017 0014 0017 0014 0016 0014 0016 0014 0016 0014 0017 0013 0016 0041 0017 0040 0017 0040 0018 0014 0017 0013 0016 0014 0016 0014 0016 0014 0016 0014,
[02:16:29.839][I][remote.pronto:239]: 0017 0013 0016 0015 0016 0015 0017 0013 0017 0013 0016 0041 0017 0013 0016 0041 0017 0040 0017 0040 0017 0014 0017 0013 0017 0180,
[02:16:31.652][D][remote.beo4:085]: Beo4: n_sym=344,24°C
[02:16:31.666][I][remote.pronto:231]: Received Pronto: data=,
[02:16:31.666][I][remote.pronto:239]: 0000 006D 00AC 0000 015E 00AB 0017 003F 0017 0040 0016 0014 0016 0014 0016 0015 0016 0015 0016 0015 0016 0041 0016 0014 0015 0042 0017 0040 0016 0014 0016 0015 0016 0015 0017 0014 0016 0014 0017 003F 0016 0041 0017 0013 0016 0041,
[02:16:31.678][I][remote.pronto:239]: 0017 0013 0016 0015 0016 0015 0016 0014 0016 0014 0016 0014 0016 0014 0017 0013 0016 0015 0016 0015 0017 0014 0016 0041 0016 0014 0016 0014 0016 0014 0016 0014 0017 0013 0016 0015 0016 0015 0016 0014 0016 0014 0016 0014 0016 0014,
[02:16:31.739][I][remote.pronto:239]: 0016 0014 0016 0014 0016 0015 0016 0015 0016 0014 0016 0134 0017 0013 0016 0041 0017 0013 0017 0013 0017 0013 0016 0015 0016 0015 0017 0040 0017 0013 0016 0041 0017 0040 0016 0041 0016 0015 0017 0014 0016 0015 0016 0041 0017 0013,
[02:16:31.740][I][remote.pronto:239]: 0016 0014 0016 0041 0016 0014 0016 0041 0016 0015 0016 0015 0015 0015 0016 0014 0016 0014 0016 0014 0016 0014 0016 0015 0016 0015 0016 0015 0016 0041 0017 0013 0016 0041 0016 0041 0016 0014 0016 0014 0016 0015 0016 0015 0016 0014,
[02:16:31.740][I][remote.pronto:239]: 0016 0014 0016 0014 0016 0014 0016 0014 0016 0015 0016 0015 0016 0015 0016 0014 0016 0014 0016 0014 0016 0014 0016 0014 0016 0014 0015 0016 0016 0015 0016 0014 0016 0040 0016 0014 0016 0041 0017 0013 0016 0041 0017 0014 0015 0016,
[02:16:31.813][I][remote.pronto:239]: 0016 0014 0016 0134 0016 0014 0016 0014 0016 0014 0016 0014 0016 0015 0016 0015 0015 0016 0016 0014 0016 0014 0016 0041 0016 0014 0016 0014 0015 0016 0016 0015 0015 0016 0015 0015 0016 0014 0015 0015 0016 0014 0015 0015 0016 0015,
[02:16:31.813][I][remote.pronto:239]: 0016 0015 0016 0015 0015 0015 0016 0014 0016 0014 0015 0015 0016 0014 0016 0015 0016 0015 0016 0015 0016 0014 0017 0013 0016 0014 0016 0015 0016 0041 0016 0041 0016 0041 0016 0015 0016 0014 0016 0014 0016 0014 0016 0014 0016 0014,
[02:16:31.813][I][remote.pronto:239]: 0015 0016 0015 0016 0016 0015 0016 0014 0016 0014 0016 0041 0017 0013 0016 0041 0017 0040 0016 0041 0017 0014 0016 0014 0017 0180,
[02:16:33.492][D][remote.beo4:085]: Beo4: n_sym=344,25°C
[02:16:33.493][I][remote.pronto:231]: Received Pronto: data=,
[02:16:33.493][I][remote.pronto:239]: 0000 006D 00AC 0000 015E 00AB 0016 0040 0017 0040 0016 0014 0016 0014 0015 0016 0016 0015 0015 0016 0015 0042 0017 0013 0015 0042 0016 0041 0017 0013 0016 0014 0016 0015 0016 0015 0016 0014 0016 0040 0017 0040 0017 0013 0016 0041,
[02:16:33.555][I][remote.pronto:239]: 0017 0013 0016 0015 0016 0015 0017 0013 0016 0014 0016 0014 0015 0015 0016 0014 0015 0042 0016 0015 0016 0015 0016 0041 0016 0014 0016 0014 0016 0014 0016 0014 0016 0015 0015 0016 0016 0015 0016 0014 0016 0014 0016 0014 0015 0015,
[02:16:33.556][I][remote.pronto:239]: 0016 0014 0016 0015 0015 0016 0016 0015 0016 0014 0016 0134 0016 0014 0016 0041 0017 0013 0016 0014 0015 0016 0016 0015 0015 0016 0016 0041 0015 0015 0016 0041 0017 0040 0016 0041 0017 0014 0016 0015 0016 0015 0016 0041 0016 0014,
[02:16:33.556][I][remote.pronto:239]: 0016 0014 0016 0041 0017 0013 0016 0041 0016 0015 0016 0015 0016 0014 0016 0014 0016 0014 0016 0014 0016 0014 0016 0015 0016 0015 0016 0015 0016 0041 0017 0013 0016 0041 0016 0041 0017 0013 0016 0015 0015 0016 0016 0015 0016 0014,
[02:16:33.627][I][remote.pronto:239]: 0016 0014 0015 0015 0016 0014 0016 0014 0016 0015 0016 0015 0016 0015 0016 0014 0016 0014 0016 0014 0016 0014 0016 0014 0016 0015 0016 0015 0016 0015 0016 0015 0016 0041 0016 0014 0015 0042 0016 0014 0016 0015 0016 0015 0016 0015,
[02:16:33.629][I][remote.pronto:239]: 0015 0015 0016 0134 0016 0014 0016 0014 0016 0014 0016 0015 0017 0014 0016 0015 0015 0016 0016 0014 0015 0015 0016 0041 0017 0013 0016 0014 0016 0015 0015 0016 0016 0015 0016 0014 0016 0014 0016 0014 0016 0014 0016 0014 0016 0014,
[02:16:33.631][I][remote.pronto:239]: 0016 0015 0015 0016 0016 0014 0016 0014 0016 0014 0016 0014 0016 0014 0016 0015 0016 0015 0016 0015 0016 0014 0015 0015 0016 0014 0016 0014 0016 0041 0017 0040 0017 0040 0016 0015 0016 0014 0016 0014 0015 0015 0016 0014 0016 0015,
[02:16:33.963][I][remote.pronto:239]: 0016 0015 0016 0015 0016 0015 0016 0014 0016 0014 0016 0041 0016 0014 0016 0041 0015 0042 0016 0041 0017 0014 0016 0014 0017 0180,
[02:16:40.932][D][remote.beo4:085]: Beo4: n_sym=344,26°C
[02:16:40.933][I][remote.pronto:231]: Received Pronto: data=,
[02:16:40.947][I][remote.pronto:239]: 0000 006D 00AC 0000 015E 00AA 0016 0041 0017 0040 0017 0013 0016 0014 0016 0015 0016 0015 0016 0015 0016 0041 0017 0013 0016 0041 0016 0041 0017 0013 0016 0015 0016 0015 0016 0015 0016 0014 0016 0040 0016 0041 0016 0014 0016 0041,
[02:16:40.960][I][remote.pronto:239]: 0017 0014 0016 0015 0016 0015 0016 0014 0016 0014 0016 0014 0016 0014 0016 0014 0016 0015 0015 0042 0016 0015 0016 0041 0017 0013 0016 0014 0016 0014 0016 0014 0016 0015 0015 0016 0016 0015 0015 0015 0016 0014 0016 0014 0016 0014,
[02:16:40.978][I][remote.pronto:239]: 0016 0014 0016 0015 0016 0015 0015 0016 0016 0014 0016 0134 0016 0014 0015 0042 0017 0013 0016 0014 0016 0015 0016 0015 0016 0015 0016 0041 0016 0040 0016 0041 0017 0040 0016 0041 0017 0013 0016 0015 0016 0015 0016 0041 0016 0014,
[02:16:41.044][I][remote.pronto:239]: 0016 0014 0016 0041 0017 0013 0016 0041 0016 0015 0016 0015 0016 0014 0016 0014 0016 0014 0016 0014 0016 0015 0016 0015 0015 0016 0016 0015 0016 0041 0017 0013 0016 0041 0016 0041 0016 0014 0016 0015 0016 0015 0016 0015 0016 0014,
[02:16:41.045][I][remote.pronto:239]: 0016 0014 0016 0014 0015 0015 0016 0014 0016 0015 0016 0015 0016 0015 0016 0014 0016 0014 0016 0014 0016 0014 0016 0014 0016 0015 0016 0015 0016 0015 0016 0014 0016 0014 0017 0013 0015 0042 0017 0013 0016 0041 0017 0040 0016 0015,
[02:16:41.045][I][remote.pronto:239]: 0016 0014 0015 0135 0016 0014 0016 0014 0015 0015 0016 0014 0016 0015 0016 0015 0016 0015 0016 0014 0016 0014 0016 0041 0016 0014 0016 0014 0016 0015 0016 0015 0016 0015 0017 0013 0016 0014 0016 0014 0015 0015 0016 0014 0016 0015,
[02:16:41.513][I][remote.pronto:239]: 0016 0015 0016 0015 0016 0014 0016 0014 0015 0015 0016 0014 0016 0014 0016 0014 0015 0016 0016 0015 0017 0013 0016 0014 0016 0014 0016 0014 0016 0041 0016 0041 0016 0041 0016 0015 0016 0014 0016 0014 0016 0014 0015 0015 0016 0014,
[02:16:41.513][I][remote.pronto:239]: 0016 0015 0016 0015 0016 0015 0016 0014 0016 0014 0016 0041 0016 0014 0016 0041 0016 0041 0017 0040 0016 0015 0016 0014 0017 0180,
[02:16:42.020][D][remote.beo4:085]: Beo4: n_sym=344,27°C
[02:16:42.034][I][remote.pronto:231]: Received Pronto: data=,
[02:16:42.034][I][remote.pronto:239]: 0000 006D 00AC 0000 015E 00AA 0016 0040 0016 0041 0016 0014 0016 0014 0016 0015 0016 0015 0016 0015 0016 0041 0016 0014 0016 0041 0016 0041 0016 0014 0016 0015 0016 0015 0016 0015 0016 0014 0017 003F 0016 0041 0017 0013 0016 0041,
[02:16:42.046][I][remote.pronto:239]: 0016 0015 0016 0015 0016 0015 0015 0015 0016 0014 0016 0014 0016 0014 0016 0014 0016 0041 0017 0040 0016 0015 0016 0041 0016 0014 0016 0014 0016 0014 0015 0015 0016 0015 0016 0015 0016 0015 0016 0014 0016 0014 0016 0014 0016 0014,
[02:16:42.067][I][remote.pronto:239]: 0016 0014 0015 0016 0016 0015 0016 0015 0016 0014 0016 0134 0017 0013 0015 0042 0017 0013 0016 0014 0016 0015 0016 0015 0016 0015 0015 0042 0016 0040 0017 0040 0016 0041 0016 0041 0016 0015 0016 0015 0016 0015 0016 0041 0016 0014,
[02:16:42.108][I][remote.pronto:239]: 0016 0014 0016 0041 0016 0014 0016 0041 0016 0015 0016 0015 0016 0014 0016 0014 0016 0014 0015 0015 0016 0015 0016 0015 0016 0015 0016 0015 0016 0041 0016 0014 0015 0042 0016 0041 0016 0014 0015 0016 0016 0015 0016 0015 0016 0014,
[02:16:42.109][I][remote.pronto:239]: 0016 0014 0016 0014 0016 0014 0016 0014 0016 0015 0016 0015 0016 0015 0016 0014 0016 0014 0016 0014 0015 0015 0015 0015 0016 0014 0016 0015 0016 0015 0016 0014 0016 0014 0016 0014 0015 0042 0016 0014 0015 0016 0016 0041 0016 0015,
[02:16:42.181][I][remote.pronto:239]: 0016 0014 0016 0134 0016 0014 0016 0014 0016 0014 0016 0014 0016 0015 0016 0015 0016 0015 0016 0014 0016 0014 0015 0042 0016 0014 0016 0014 0015 0016 0015 0016 0016 0015 0016 0014 0015 0015 0016 0014 0016 0014 0015 0015 0016 0015,
[02:16:42.181][I][remote.pronto:239]: 0016 0015 0016 0015 0016 0014 0016 0014 0016 0014 0016 0014 0016 0014 0016 0015 0016 0015 0016 0015 0016 0014 0016 0014 0015 0015 0016 0014 0016 0041 0016 0041 0016 0041 0016 0015 0016 0014 0016 0014 0016 0014 0016 0014 0016 0014,
[02:16:42.182][I][remote.pronto:239]: 0016 0015 0016 0015 0015 0016 0015 0015 0016 0014 0016 0041 0016 0014 0016 0041 0016 0041 0016 0041 0017 0014 0016 0014 0017 0180,
[02:16:43.943][D][remote.beo4:085]: Beo4: n_sym=344,28°C
[02:16:43.944][I][remote.pronto:231]: Received Pronto: data=,
[02:16:43.944][I][remote.pronto:239]: 0000 006D 00AC 0000 015E 00AA 0016 0040 0016 0041 0016 0014 0016 0014 0015 0016 0015 0016 0016 0015 0016 0041 0016 0014 0016 0041 0017 0040 0016 0014 0016 0015 0017 0014 0016 0015 0016 0014 0016 0040 0016 0041 0016 0014 0016 0041,
[02:16:44.010][I][remote.pronto:239]: 0016 0015 0016 0015 0016 0015 0016 0014 0016 0014 0016 0014 0016 0014 0016 0014 0016 0015 0016 0015 0016 0041 0016 0041 0017 0013 0016 0014 0016 0014 0016 0014 0016 0015 0016 0015 0016 0015 0016 0014 0016 0014 0016 0014 0015 0015,
[02:16:44.011][I][remote.pronto:239]: 0016 0014 0016 0014 0016 0015 0016 0015 0016 0014 0016 0134 0017 0013 0016 0041 0016 0014 0016 0014 0016 0015 0017 0014 0016 0015 0016 0041 0016 0040 0016 0041 0016 0041 0016 0041 0016 0015 0016 0015 0016 0015 0016 0041 0017 0013,
[02:16:44.011][I][remote.pronto:239]: 0016 0014 0016 0041 0016 0014 0015 0042 0016 0015 0016 0015 0016 0014 0016 0014 0016 0014 0016 0014 0016 0014 0015 0016 0016 0015 0016 0015 0016 0041 0017 0013 0016 0041 0016 0041 0016 0015 0016 0015 0016 0015 0015 0016 0016 0014,
[02:16:44.070][I][remote.pronto:239]: 0015 0015 0016 0014 0016 0014 0016 0014 0016 0015 0016 0015 0016 0015 0016 0014 0016 0014 0015 0015 0016 0014 0015 0015 0016 0015 0015 0016 0016 0015 0016 0014 0016 0014 0016 0014 0015 0042 0016 0014 0016 0041 0016 0015 0016 0041,
[02:16:44.070][I][remote.pronto:239]: 0016 0014 0016 0134 0016 0014 0016 0014 0016 0014 0016 0014 0016 0015 0017 0014 0015 0016 0016 0014 0016 0014 0016 0041 0016 0014 0016 0014 0016 0014 0016 0015 0016 0015 0016 0014 0016 0014 0016 0014 0016 0014 0016 0014 0015 0016,
[02:16:44.081][I][remote.pronto:239]: 0016 0015 0016 0015 0016 0014 0016 0014 0016 0014 0016 0014 0015 0016 0015 0016 0016 0015 0016 0015 0016 0014 0015 0015 0016 0014 0016 0014 0015 0042 0016 0041 0016 0041 0017 0014 0016 0014 0016 0014 0016 0014 0016 0014 0016 0014,
[02:16:44.103][I][remote.pronto:239]: 0016 0015 0016 0015 0016 0015 0015 0015 0016 0014 0015 0041 0016 0014 0016 0041 0016 0041 0016 0041 0016 0015 0016 0014 0017 0180,
[02:16:45.357][D][remote.beo4:085]: Beo4: n_sym=344,29°C
[02:16:45.359][I][remote.pronto:231]: Received Pronto: data=,
[02:16:45.369][I][remote.pronto:239]: 0000 006D 00AC 0000 015E 00AA 0016 0041 0016 0041 0016 0014 0016 0015 0015 0016 0016 0015 0016 0015 0016 0041 0016 0014 0016 0041 0017 0040 0016 0014 0016 0015 0016 0015 0016 0015 0016 0014 0016 0041 0016 0041 0016 0014 0016 0041,
[02:16:45.380][I][remote.pronto:239]: 0017 0013 0015 0016 0016 0015 0016 0014 0015 0015 0015 0015 0016 0014 0016 0014 0016 0041 0016 0015 0016 0041 0016 0041 0016 0014 0016 0014 0016 0014 0016 0014 0016 0015 0016 0015 0016 0015 0016 0014 0015 0015 0016 0014 0016 0014,
[02:16:45.402][I][remote.pronto:239]: 0016 0014 0016 0015 0016 0015 0016 0015 0016 0014 0016 0134 0016 0014 0016 0041 0016 0014 0016 0014 0016 0015 0016 0015 0016 0015 0016 0041 0016 0040 0016 0041 0016 0041 0016 0041 0016 0015 0016 0015 0016 0015 0015 0042 0016 0014,
[02:16:45.465][I][remote.pronto:239]: 0015 0015 0016 0041 0016 0014 0015 0042 0016 0015 0016 0015 0016 0014 0015 0015 0016 0014 0015 0015 0015 0015 0016 0015 0016 0015 0016 0015 0016 0041 0016 0014 0016 0041 0016 0041 0016 0014 0016 0015 0016 0015 0016 0015 0016 0014,
[02:16:45.465][I][remote.pronto:239]: 0016 0014 0016 0014 0016 0014 0016 0014 0016 0015 0016 0015 0016 0015 0016 0014 0016 0014 0015 0015 0015 0015 0016 0014 0016 0015 0016 0015 0016 0015 0016 0014 0015 0015 0016 0014 0015 0042 0016 0015 0016 0015 0016 0015 0016 0041,
[02:16:45.466][I][remote.pronto:239]: 0016 0014 0016 0134 0016 0014 0016 0014 0016 0014 0016 0014 0016 0015 0016 0015 0016 0015 0016 0014 0015 0015 0016 0041 0016 0014 0016 0014 0015 0016 0016 0015 0015 0016 0016 0014 0016 0014 0015 0015 0016 0014 0016 0015 0016 0015,
[02:16:45.588][I][remote.pronto:239]: 0015 0016 0015 0016 0016 0014 0016 0014 0015 0015 0016 0014 0015 0015 0016 0015 0016 0015 0015 0016 0015 0015 0016 0014 0016 0014 0016 0014 0016 0041 0017 0040 0016 0041 0016 0015 0016 0014 0016 0014 0015 0015 0016 0014 0016 0014,
[02:16:45.588][I][remote.pronto:239]: 0016 0015 0016 0015 0015 0016 0015 0015 0016 0014 0016 0041 0016 0014 0016 0041 0016 0041 0016 0041 0017 0014 0016 0014 0017 0180,
[02:16:46.818][D][remote.beo4:085]: Beo4: n_sym=344,30°C
[02:16:46.826][I][remote.pronto:231]: Received Pronto: data=,
[02:16:46.826][I][remote.pronto:239]: 0000 006D 00AC 0000 015E 00AB 0016 0040 0016 0041 0016 0014 0016 0014 0016 0015 0016 0015 0016 0015 0015 0042 0016 0014 0016 0041 0016 0041 0017 0013 0016 0015 0015 0016 0016 0015 0016 0014 0016 0040 0016 0041 0016 0014 0016 0041,
[02:16:46.838][I][remote.pronto:239]: 0016 0014 0016 0015 0016 0015 0016 0014 0016 0014 0015 0015 0015 0015 0016 0014 0015 0016 0016 0041 0016 0041 0016 0041 0016 0014 0016 0014 0016 0014 0016 0014 0016 0015 0015 0016 0015 0016 0015 0015 0016 0014 0016 0014 0015 0015,
[02:16:46.901][I][remote.pronto:239]: 0016 0014 0016 0015 0016 0015 0016 0015 0017 0013 0016 0134 0016 0014 0016 0041 0017 0013 0016 0014 0016 0015 0016 0015 0016 0015 0016 0041 0016 0041 0016 0041 0016 0041 0016 0041 0016 0015 0016 0015 0016 0015 0016 0041 0016 0014,
[02:16:46.901][I][remote.pronto:239]: 0016 0014 0016 0041 0016 0014 0016 0041 0016 0015 0016 0015 0016 0014 0016 0014 0016 0014 0016 0014 0016 0014 0016 0015 0016 0015 0016 0015 0016 0041 0016 0014 0016 0041 0016 0041 0016 0014 0016 0015 0016 0015 0016 0015 0016 0014,
[02:16:46.901][I][remote.pronto:239]: 0016 0014 0015 0015 0016 0014 0016 0014 0016 0014 0016 0015 0016 0015 0015 0015 0016 0014 0016 0014 0016 0014 0016 0014 0016 0015 0016 0015 0016 0015 0016 0014 0016 0014 0016 0014 0016 0041 0016 0014 0016 0041 0016 0041 0016 0041,
[02:16:46.972][I][remote.pronto:239]: 0016 0014 0016 0134 0016 0014 0016 0014 0016 0014 0016 0014 0016 0015 0016 0015 0016 0015 0015 0015 0016 0014 0016 0041 0016 0014 0016 0014 0016 0015 0016 0015 0016 0015 0015 0015 0016 0014 0016 0014 0016 0014 0015 0015 0016 0014,
[02:16:46.972][I][remote.pronto:239]: 0016 0015 0016 0015 0016 0014 0016 0014 0016 0014 0016 0014 0016 0014 0016 0014 0016 0015 0016 0015 0016 0014 0016 0014 0016 0014 0016 0014 0016 0041 0016 0041 0016 0041 0016 0015 0016 0014 0016 0014 0015 0015 0017 0013 0016 0014,
[02:16:46.972][I][remote.pronto:239]: 0016 0015 0016 0015 0016 0015 0016 0014 0015 0015 0015 0042 0016 0014 0016 0041 0016 0041 0016 0041 0016 0015 0016 0014 0017 0180,
[02:19:21.519][D][remote.beo4:085]: Beo4: n_sym=344,super
[02:19:21.520][I][remote.pronto:231]: Received Pronto: data=,
[02:19:21.521][I][remote.pronto:239]: 0000 006D 00AC 0000 0160 00A9 0016 0040 0016 0040 0016 0014 0016 0014 0016 0014 0016 0015 0016 0015 0016 0041 0016 0014 0016 0040 0016 0041 0016 0014 0016 0014 0016 0014 0016 0015 0016 0014 0016 0014 0016 0014 0016 0014 0016 0014,
[02:19:21.584][I][remote.pronto:239]: 0016 0014 0016 0015 0016 0015 0016 0014 0016 0014 0016 0014 0016 0014 0016 0014 0016 0014 0016 0041 0016 0041 0016 0041 0016 0014 0016 0014 0016 0014 0016 0014 0016 0014 0016 0015 0016 0015 0016 0014 0016 0014 0016 0014 0016 0014,
[02:19:21.585][I][remote.pronto:239]: 0016 0014 0016 0041 0016 0014 0016 0015 0016 0040 0016 0134 0017 0014 0016 0041 0016 0014 0016 0014 0016 0014 0016 0015 0016 0015 0016 0041 0016 0040 0016 0014 0016 0014 0016 0014 0016 0041 0016 0014 0016 0015 0016 0041 0016 0014,
[02:19:21.585][I][remote.pronto:239]: 0016 0014 0016 0041 0016 0014 0017 0041 0017 0015 0016 0015 0016 0014 0016 0014 0016 0014 0016 0014 0016 0014 0016 0014 0016 0015 0016 0015 0016 0041 0016 0014 0016 0041 0016 0041 0016 0014 0016 0014 0016 0014 0016 0015 0016 0014,
[02:19:21.655][I][remote.pronto:239]: 0016 0014 0016 0014 0016 0014 0016 0014 0016 0014 0016 0015 0016 0015 0016 0014 0016 0014 0016 0014 0016 0014 0016 0014 0016 0014 0016 0015 0016 0015 0016 0014 0016 0040 0016 0014 0016 0014 0016 0014 0016 0041 0016 0041 0016 0041,
[02:19:21.655][I][remote.pronto:239]: 0016 0040 0016 0134 0016 0014 0016 0014 0016 0014 0016 0014 0016 0014 0016 0015 0016 0015 0016 0014 0015 0015 0016 0014 0016 0041 0016 0014 0016 0014 0016 0015 0016 0015 0016 0014 0017 0014 0016 0014 0016 0014 0016 0014 0016 0014,
[02:19:21.656][I][remote.pronto:239]: 0016 0015 0016 0015 0016 0014 0016 0014 0016 0014 0016 0014 0016 0014 0016 0014 0016 0015 0016 0015 0016 0014 0016 0014 0016 0014 0016 0014 0016 0041 0016 0041 0016 0041 0016 0015 0016 0014 0016 0014 0016 0014 0016 0014 0016 0014,
[02:19:21.885][I][remote.pronto:239]: 0016 0014 0016 0015 0016 0015 0016 0014 0016 0014 0016 0014 0016 0041 0016 0041 0016 0041 0016 0041 0016 0015 0016 0014 0019 0180,
[02:19:25.941][D][remote.beo4:085]: Beo4: n_sym=344,swing
[02:19:25.942][I][remote.pronto:231]: Received Pronto: data=,
[02:19:25.953][I][remote.pronto:239]: 0000 006D 00AC 0000 0160 00A9 0016 0040 0016 0040 0016 0014 0016 0014 0016 0014 0016 0014 0016 0015 0017 0041 0016 0014 0017 0040 0017 0041 0016 0014 0016 0014 0016 0014 0016 0015 0016 0014 0017 0014 0016 0014 0016 0014 0016 0014,
[02:19:25.964][I][remote.pronto:239]: 0016 0014 0016 0014 0016 0015 0017 0041 0016 0014 0016 0015 0016 0014 0016 0014 0016 0014 0016 0041 0016 0041 0016 0041 0016 0014 0016 0014 0016 0014 0016 0014 0016 0014 0016 0015 0016 0015 0016 0014 0016 0014 0016 0014 0016 0014,
[02:19:25.985][I][remote.pronto:239]: 0016 0014 0016 0041 0016 0015 0016 0015 0016 0014 0016 0134 0016 0014 0017 0041 0016 0014 0016 0014 0016 0014 0016 0015 0016 0015 0016 0041 0016 0040 0016 0014 0017 0014 0016 0014 0016 0041 0016 0015 0016 0015 0016 0041 0017 0014,
[02:19:26.058][I][remote.pronto:239]: 0016 0014 0016 0041 0016 0014 0016 0041 0016 0015 0016 0041 0016 0014 0016 0014 0016 0014 0016 0014 0016 0014 0016 0014 0016 0015 0016 0015 0016 0041 0016 0014 0016 0040 0016 0041 0016 0014 0016 0014 0016 0014 0016 0015 0016 0014,
[02:19:26.058][I][remote.pronto:239]: 0016 0014 0016 0014 0016 0014 0016 0014 0016 0014 0016 0015 0016 0015 0016 0014 0016 0014 0016 0014 0016 0014 0016 0014 0016 0014 0016 0015 0016 0015 0016 0014 0016 0040 0016 0014 0016 0014 0016 0014 0016 0041 0016 0041 0016 0015,
[02:19:26.058][I][remote.pronto:239]: 0017 0040 0016 0134 0017 0014 0016 0014 0016 0014 0016 0014 0016 0014 0016 0015 0016 0015 0016 0014 0016 0040 0016 0040 0016 0041 0016 0014 0016 0014 0016 0015 0016 0015 0016 0014 0016 0014 0016 0014 0016 0014 0016 0014 0016 0014,
[02:19:26.510][I][remote.pronto:239]: 0016 0014 0016 0015 0016 0014 0016 0014 0016 0014 0016 0014 0016 0014 0016 0014 0016 0015 0016 0015 0016 0014 0016 0014 0016 0014 0016 0014 0016 0041 0016 0041 0016 0041 0016 0015 0016 0014 0017 0014 0016 0014 0016 0014 0016 0014,
[02:19:26.511][I][remote.pronto:239]: 0016 0014 0016 0015 0017 0015 0016 0014 0016 0040 0016 0040 0017 0041 0016 0041 0016 0041 0016 0041 0016 0015 0016 0014 0019 0180,
[02:19:33.472][D][remote.beo4:085]: Beo4: n_sym=344,quiet
[02:19:33.490][I][remote.pronto:231]: Received Pronto: data=,
[02:19:33.491][I][remote.pronto:239]: 0000 006D 00AC 0000 0160 00A9 0016 0040 0016 0040 0016 0014 0016 0014 0016 0014 0016 0015 0016 0015 0016 0041 0016 0014 0016 0040 0016 0041 0016 0014 0016 0014 0016 0015 0016 0015 0016 0014 0016 0040 0016 0041 0016 0014 0016 0014,
[02:19:33.499][I][remote.pronto:239]: 0016 0014 0016 0015 0016 0015 0016 0014 0016 0014 0016 0014 0016 0014 0016 0014 0016 0014 0016 0041 0016 0041 0016 0041 0016 0014 0016 0014 0016 0014 0016 0014 0016 0014 0016 0015 0016 0015 0016 0014 0016 0014 0016 0014 0016 0014,
[02:19:33.543][I][remote.pronto:239]: 0016 0014 0016 0014 0016 0015 0016 0015 0016 0014 0016 0134 0016 0014 0016 0041 0016 0014 0016 0014 0016 0014 0016 0015 0016 0015 0016 0041 0016 0040 0015 0015 0016 0014 0016 0014 0016 0041 0015 0016 0016 0015 0016 0041 0016 0014,
[02:19:33.543][I][remote.pronto:239]: 0016 0014 0016 0041 0016 0014 0016 0041 0016 0015 0016 0015 0016 0014 0016 0014 0016 0014 0016 0014 0016 0014 0016 0014 0016 0014 0016 0015 0016 0041 0015 0015 0016 0040 0016 0041 0016 0014 0016 0014 0016 0015 0016 0015 0016 0014,
[02:19:33.565][I][remote.pronto:239]: 0016 0014 0016 0014 0016 0014 0016 0014 0016 0014 0016 0015 0016 0015 0016 0014 0016 0014 0016 0014 0016 0014 0016 0014 0016 0014 0016 0014 0016 0015 0016 0014 0016 0014 0016 0040 0015 0015 0016 0014 0016 0014 0016 0041 0016 0041,
[02:19:33.636][I][remote.pronto:239]: 0017 0014 0016 0134 0016 0014 0016 0014 0016 0041 0015 0015 0016 0014 0016 0015 0016 0015 0016 0014 0016 0040 0015 0041 0015 0015 0016 0041 0016 0014 0016 0015 0016 0015 0016 0014 0016 0014 0016 0014 0016 0014 0016 0014 0016 0014,
[02:19:33.637][I][remote.pronto:239]: 0016 0015 0016 0015 0016 0014 0016 0014 0016 0014 0016 0014 0016 0014 0016 0014 0016 0015 0016 0015 0016 0014 0017 0014 0016 0014 0016 0014 0016 0041 0015 0042 0016 0041 0015 0016 0016 0014 0016 0014 0017 0014 0016 0014 0016 0014,
[02:19:33.642][I][remote.pronto:239]: 0016 0014 0016 0015 0016 0015 0017 0014 0016 0040 0015 0042 0015 0042 0016 0014 0016 0041 0015 0042 0016 0015 0016 0014 0019 0180,
[02:20:24.043][D][remote.beo4:085]: Beo4: n_sym=344,smart
[02:20:24.044][I][remote.pronto:231]: Received Pronto: data=,
[02:20:24.044][I][remote.pronto:239]: 0000 006D 00AC 0000 0160 00A9 0016 0040 0016 0041 0016 0014 0016 0014 0015 0015 0016 0014 0016 0015 0016 0041 0016 0014 0016 0040 0016 0041 0016 0014 0016 0014 0016 0015 0016 0015 0016 0014 0016 0014 0016 0014 0016 0014 0016 0014,
[02:20:24.108][I][remote.pronto:239]: 0016 0014 0016 0015 0016 0015 0016 0014 0016 0040 0016 0014 0016 0014 0016 0014 0016 0041 0017 0041 0016 0041 0016 0014 0016 0014 0016 0014 0016 0014 0016 0014 0016 0014 0015 0016 0016 0015 0016 0041 0017 0014 0016 0014 0016 0014,
[02:20:24.109][I][remote.pronto:239]: 0016 0014 0016 0014 0016 0015 0016 0015 0016 0014 0016 0134 0016 0014 0016 0041 0016 0014 0016 0014 0016 0014 0016 0015 0016 0015 0016 0041 0016 0014 0016 0041 0016 0014 0016 0014 0016 0041 0016 0015 0016 0015 0016 0041 0016 0014,
[02:20:24.109][I][remote.pronto:239]: 0017 0014 0016 0041 0016 0014 0016 0041 0016 0015 0017 0015 0016 0014 0016 0014 0016 0014 0016 0014 0016 0014 0016 0014 0016 0015 0016 0015 0016 0041 0016 0014 0016 0041 0016 0041 0016 0014 0016 0014 0016 0015 0016 0015 0016 0014,
[02:20:24.184][I][remote.pronto:239]: 0016 0014 0016 0014 0016 0014 0016 0014 0016 0014 0016 0014 0016 0015 0017 0014 0016 0014 0016 0014 0016 0014 0016 0014 0016 0014 0016 0014 0017 0015 0016 0014 0016 0040 0016 0040 0016 0014 0016 0014 0016 0041 0016 0041 0016 0041,
[02:20:24.184][I][remote.pronto:239]: 0016 0014 0016 0134 0016 0014 0016 0014 0016 0014 0016 0014 0016 0014 0016 0015 0016 0015 0016 0014 0016 0040 0016 0040 0016 0041 0016 0014 0016 0041 0016 0015 0016 0015 0016 0014 0016 0014 0016 0014 0017 0014 0016 0014 0016 0014,
[02:20:24.184][I][remote.pronto:239]: 0016 0015 0016 0015 0016 0014 0016 0014 0017 0014 0016 0014 0016 0014 0016 0014 0016 0015 0016 0015 0016 0014 0016 0014 0016 0014 0016 0014 0016 0041 0016 0041 0016 0041 0016 0015 0016 0014 0016 0014 0016 0014 0016 0014 0016 0014,
[02:20:24.409][I][remote.pronto:239]: 0016 0014 0016 0015 0016 0015 0016 0014 0016 0040 0017 0040 0016 0041 0017 0041 0016 0014 0016 0041 0016 0015 0016 0014 0018 0180,
[02:21:08.160][D][remote.beo4:085]: Beo4: n_sym=344,dimmer
[02:21:08.161][I][remote.pronto:231]: Received Pronto: data=,
[02:21:08.171][I][remote.pronto:239]: 0000 006D 00AC 0000 015E 00AA 0016 0040 0017 0040 0017 0013 0016 0014 0016 0014 0017 0014 0017 0014 0016 0041 0017 0013 0016 0041 0017 0040 0016 0014 0016 0015 0016 0015 0016 0015 0017 0013 0016 0014 0016 0014 0016 0014 0016 0014,
[02:21:08.185][I][remote.pronto:239]: 0016 0014 0016 0015 0016 0015 0016 0014 0016 0041 0017 0013 0017 0014 0017 0013 0016 0041 0017 0040 0017 0040 0017 0013 0016 0014 0016 0014 0016 0014 0016 0014 0016 0015 0016 0015 0016 0015 0016 0014 0016 0014 0017 0013 0016 0014,
[02:21:08.260][I][remote.pronto:239]: 0016 0014 0017 0014 0016 0015 0016 0015 0016 0014 0016 0134 0016 0014 0016 0041 0016 0014 0016 0014 0016 0015 0016 0041 0016 0015 0016 0041 0017 0040 0016 0041 0017 0013 0015 0015 0015 0042 0017 0014 0016 0015 0016 0041 0016 0014,
[02:21:08.260][I][remote.pronto:239]: 0016 0014 0016 0041 0016 0014 0016 0041 0017 0014 0016 0015 0016 0014 0016 0014 0016 0014 0016 0014 0016 0014 0016 0015 0016 0015 0016 0015 0016 0041 0016 0014 0016 0041 0016 0041 0017 0013 0016 0014 0016 0015 0016 0015 0016 0014,
[02:21:08.260][I][remote.pronto:239]: 0015 0015 0016 0014 0016 0014 0016 0014 0016 0014 0016 0015 0016 0015 0016 0014 0016 0014 0016 0014 0016 0014 0016 0014 0016 0015 0016 0015 0016 0015 0016 0014 0017 0013 0016 0041 0016 0014 0016 0014 0016 0041 0016 0015 0016 0041,
[02:21:08.279][I][remote.pronto:239]: 0016 0040 0017 0133 0016 0014 0015 0015 0017 0013 0016 0014 0016 0015 0016 0015 0016 0015 0016 0014 0015 0015 0016 0014 0016 0014 0016 0014 0016 0015 0015 0016 0015 0016 0016 0014 0016 0014 0016 0014 0016 0014 0016 0014 0016 0015,
[02:21:08.783][I][remote.pronto:239]: 0016 0015 0016 0015 0016 0014 0016 0014 0016 0014 0016 0014 0016 0014 0016 0015 0016 0015 0016 0015 0016 0014 0016 0014 0016 0014 0016 0014 0016 0041 0017 0040 0017 0040 0017 0014 0016 0014 0015 0015 0016 0014 0016 0014 0016 0014,
[02:21:08.783][I][remote.pronto:239]: 0016 0015 0016 0015 0016 0015 0016 0014 0017 0013 0016 0014 0015 0015 0016 0041 0017 0040 0016 0041 0017 0014 0016 0014 0017 0180,
[02:21:55.202][D][remote.beo4:085]: Beo4: n_sym=344,economy
[02:21:55.202][I][remote.pronto:231]: Received Pronto: data=,
[02:21:55.213][I][remote.pronto:239]: 0000 006D 00AC 0000 015E 00AA 0017 003F 0017 0040 0016 0014 0017 0013 0017 0013 0016 0015 0017 0014 0017 0040 0017 0013 0017 0040 0017 0040 0017 0013 0016 0014 0017 0014 0016 0015 0017 0013 0016 0040 0016 0041 0017 0013 0016 0014,
[02:21:55.225][I][remote.pronto:239]: 0016 0015 0016 0015 0017 0014 0016 0014 0017 0013 0016 0014 0016 0014 0016 0014 0017 0040 0016 0015 0017 0040 0017 0013 0017 0013 0016 0014 0016 0014 0016 0014 0017 0013 0016 0015 0018 0014 0016 0014 0017 0013 0017 0013 0016 0014,
[02:21:55.246][I][remote.pronto:239]: 0017 0013 0017 0013 0016 0015 0017 0014 0016 0014 0016 0134 0017 0013 0016 0041 0017 0013 0017 0013 0016 0014 0017 0014 0016 0015 0017 0040 0016 0014 0017 0013 0017 0040 0017 0013 0017 0040 0017 0014 0016 0015 0016 0041 0018 0013,
[02:21:55.321][I][remote.pronto:239]: 0016 0014 0016 0041 0017 0013 0017 0040 0017 0013 0017 0014 0016 0014 0016 0014 0017 0013 0017 0013 0016 0014 0016 0014 0017 0014 0016 0015 0017 0040 0017 0013 0017 0040 0016 0041 0017 0013 0017 0013 0016 0015 0016 0015 0017 0013,
[02:21:55.321][I][remote.pronto:239]: 0016 0014 0017 0013 0017 0013 0017 0013 0016 0014 0017 0014 0017 0014 0017 0013 0016 0014 0016 0014 0016 0014 0016 0014 0017 0013 0017 0014 0017 0014 0016 0014 0016 0040 0016 0041 0017 0040 0017 0013 0016 0041 0017 0014 0016 0041,
[02:21:55.322][I][remote.pronto:239]: 0017 003F 0017 0133 0017 0013 0016 0014 0016 0014 0017 0013 0016 0014 0016 0041 0017 0014 0016 0014 0017 0013 0017 0013 0017 0040 0017 0040 0018 0013 0017 0014 0017 0014 0017 0013 0016 0014 0016 0014 0017 0013 0017 0013 0016 0014,
[02:21:55.657][I][remote.pronto:239]: 0016 0015 0017 0014 0017 0013 0016 0014 0017 0013 0017 0013 0016 0014 0016 0014 0017 0014 0017 0014 0017 0013 0016 0014 0016 0014 0016 0014 0017 0040 0017 0040 0017 0040 0017 0014 0017 0013 0016 0014 0016 0014 0016 0014 0017 0013,
[02:21:55.658][I][remote.pronto:239]: 0017 0013 0017 0014 0017 0014 0016 0014 0016 0014 0016 0014 0017 0040 0017 0013 0016 0041 0017 0014 0017 0014 0017 0013 0017 0180,
[02:22:46.823][D][remote.beo4:085]: Beo4: n_sym=344,"ifeel - room temp 26°C, set temp 21°C, heating"
[02:22:46.824][I][remote.pronto:231]: Received Pronto: data=,
[02:22:46.824][I][remote.pronto:239]: 0000 006D 00AC 0000 0160 00A9 0018 003F 0018 003F 0018 0013 0018 0013 0017 0013 0018 0013 0018 0014 0018 0040 0018 0013 0018 003F 0018 0040 0018 0013 0018 0013 0018 0013 0018 0014 0017 0013 0018 003F 0018 003F 0019 0012 0018 0013,
[02:22:46.878][I][remote.pronto:239]: 0018 0013 0018 0013 0018 0014 0018 0013 0018 0013 0018 0013 0018 0013 0018 0013 0018 0040 0018 0013 0017 0040 0018 0013 0018 0013 0018 0013 0018 0013 0018 0013 0018 0013 0017 0013 0018 0014 0018 0013 0017 0013 0018 0013 0018 0013,
[02:22:46.879][I][remote.pronto:239]: 0017 0013 0017 0013 0018 0013 0018 0014 0019 0012 0018 0133 0018 0013 0019 003E 0018 0013 0018 0013 0017 0013 0017 0014 0018 0014 0018 0040 0018 003F 0018 0013 0018 003F 0018 0013 0018 0040 0018 0013 0018 0013 0018 0040 0018 0013,
[02:22:46.889][I][remote.pronto:239]: 0018 0013 0018 003F 0018 0013 0019 003F 0019 0012 0018 0014 0018 0013 0018 0013 0018 0013 0018 0013 0018 0013 0018 0013 0018 0013 0018 0014 0018 0040 0018 0013 0018 003F 0018 0040 0018 0013 0018 0013 0018 0013 0018 0014 0018 0013,
[02:22:46.964][I][remote.pronto:239]: 0018 0013 0017 0013 0018 0013 0018 0013 0018 0013 0018 0013 0018 0013 0018 0040 0018 0013 0018 003F 0019 0012 0018 0040 0018 0040 0017 0014 0018 0014 0018 0013 0019 0012 0018 0013 0018 003F 0018 0040 0018 0013 0018 0013 0018 0040,
[02:22:46.965][I][remote.pronto:239]: 0018 0013 0018 0133 0018 0013 0019 0012 0018 0013 0017 0013 0017 0013 0018 0040 0018 0013 0018 0013 0018 003F 0017 0013 0018 0040 0019 003F 0018 0013 0018 0013 0018 0014 0017 0013 0018 0013 0018 0013 0018 0013 0018 0013 0018 0013,
[02:22:46.965][I][remote.pronto:239]: 0018 0013 0019 0013 0018 0013 0018 0013 0018 0013 0018 0013 0018 0013 0017 0013 0019 0012 0019 0012 0018 0013 0018 0013 0018 0013 0018 0013 0018 0040 0019 003F 0018 0040 0018 0014 0018 0013 0018 0013 0017 0013 0018 0013 0018 0013,
[02:22:47.433][I][remote.pronto:239]: 0018 0013 0018 0013 0018 0013 0018 0013 0018 003F 0018 0013 0018 0040 0018 0013 0018 0040 0019 0012 0018 0014 0019 0011 0019 0180,
[02:25:32.963][D][remote.beo4:085]: Beo4: n_sym=344,fan auto
[02:25:32.976][I][remote.pronto:231]: Received Pronto: data=,
[02:25:32.977][I][remote.pronto:239]: 0000 006D 00AC 0000 015E 00AA 0017 003F 0016 0041 0016 0014 0016 0014 0016 0015 0016 0015 0016 0015 0016 0041 0016 0014 0016 0041 0016 0041 0016 0014 0016 0015 0016 0015 0016 0015 0016 0014 0016 0014 0016 0014 0016 0014 0016 0014,
[02:25:32.985][I][remote.pronto:239]: 0016 0015 0016 0015 0016 0015 0016 0014 0016 0014 0016 0014 0016 0014 0016 0014 0016 0041 0016 0015 0016 0041 0016 0014 0016 0014 0016 0014 0016 0014 0017 0013 0016 0015 0016 0015 0016 0015 0016 0014 0016 0014 0017 0013 0015 0015,
[02:25:33.049][I][remote.pronto:239]: 0016 0014 0016 0015 0016 0015 0016 0015 0016 0014 0016 0134 0017 0013 0016 0041 0017 0013 0016 0014 0015 0016 0016 0015 0016 0015 0016 0041 0016 0040 0016 0041 0016 0041 0016 0014 0016 0041 0016 0015 0016 0015 0016 0041 0016 0014,
[02:25:33.049][I][remote.pronto:239]: 0016 0014 0016 0041 0016 0014 0016 0041 0017 0014 0016 0015 0016 0014 0016 0014 0016 0014 0016 0014 0016 0014 0016 0015 0016 0015 0016 0015 0016 0041 0015 0015 0016 0041 0017 0040 0016 0015 0016 0015 0017 0014 0016 0015 0016 0014,
[02:25:33.050][I][remote.pronto:239]: 0016 0014 0015 0015 0016 0014 0016 0014 0016 0015 0016 0015 0015 0016 0016 0014 0016 0014 0016 0014 0016 0014 0016 0014 0016 0015 0016 0015 0016 0015 0016 0014 0015 0042 0017 0040 0017 0040 0016 0014 0016 0041 0016 0015 0016 0041,
[02:25:33.117][I][remote.pronto:239]: 0016 0040 0016 0134 0016 0014 0015 0015 0016 0014 0016 0014 0016 0015 0015 0016 0016 0015 0016 0014 0016 0041 0017 0013 0016 0014 0016 0014 0017 0040 0017 0014 0016 0015 0016 0014 0016 0014 0016 0014 0016 0014 0016 0014 0016 0015,
[02:25:33.117][I][remote.pronto:239]: 0016 0015 0016 0015 0016 0014 0016 0014 0016 0014 0016 0014 0017 0013 0016 0015 0016 0015 0016 0015 0016 0014 0016 0014 0016 0014 0016 0014 0016 0041 0016 0041 0016 0041 0016 0015 0016 0014 0017 0013 0016 0014 0016 0014 0015 0015,
[02:25:33.117][I][remote.pronto:239]: 0016 0015 0016 0015 0016 0015 0016 0014 0016 0040 0016 0014 0015 0015 0016 0041 0016 0015 0016 0041 0016 0015 0016 0014 0017 0180,
[02:25:35.460][D][remote.beo4:085]: Beo4: n_sym=344,fan max
[02:25:35.461][I][remote.pronto:231]: Received Pronto: data=,
[02:25:35.461][I][remote.pronto:239]: 0000 006D 00AC 0000 015E 00AA 0017 003F 0017 003F 0018 0013 0018 0013 0017 0013 0017 0014 0017 0014 0017 0040 0018 0013 0017 0040 0017 0040 0018 0013 0017 0013 0017 0014 0017 0014 0018 0013 0017 003F 0019 0012 0017 0013 0018 0013,
[02:25:35.521][I][remote.pronto:239]: 0018 0013 0017 0014 0018 0014 0017 0013 0017 0013 0017 0013 0017 0013 0017 0013 0018 0040 0017 0014 0017 0040 0018 0013 0017 0013 0018 0013 0017 0013 0018 0013 0017 0013 0018 0013 0017 0014 0016 0014 0018 0013 0018 0013 0017 0013,
[02:25:35.522][I][remote.pronto:239]: 0017 0013 0018 0013 0017 0014 0018 0014 0018 0013 0017 0133 0018 0013 0017 003F 0018 0013 0017 0013 0018 0013 0018 0013 0018 0013 0018 0040 0018 003F 0018 003F 0018 0040 0018 0013 0017 0040 0017 0013 0017 0014 0018 0040 0018 0013,
[02:25:35.522][I][remote.pronto:239]: 0017 0013 0018 0040 0017 0013 0017 0040 0017 0014 0017 0014 0018 0013 0018 0013 0017 0013 0017 0013 0016 0014 0017 0013 0017 0014 0017 0014 0018 0040 0018 0013 0017 0040 0018 0040 0017 0013 0017 0013 0018 0013 0017 0014 0018 0013,
[02:25:35.596][I][remote.pronto:239]: 0018 0013 0017 0013 0017 0013 0017 0013 0017 0013 0016 0015 0017 0014 0017 0013 0017 0013 0017 0013 0017 0013 0017 0013 0017 0013 0018 0013 0017 0014 0017 0013 0017 0013 0017 0040 0017 0040 0017 0013 0017 0040 0017 0013 0017 0040,
[02:25:35.597][I][remote.pronto:239]: 0018 003F 0018 0133 0019 0012 0017 0013 0017 0013 0017 0013 0017 0013 0017 0014 0018 0014 0018 0013 0016 0040 0018 0013 0018 0013 0017 0013 0017 0040 0017 0013 0017 0014 0018 0013 0017 0013 0017 0013 0018 0013 0017 0013 0017 0013,
[02:25:35.598][I][remote.pronto:239]: 0017 0013 0018 0014 0017 0013 0017 0013 0017 0013 0017 0013 0018 0013 0018 0013 0017 0013 0018 0014 0017 0013 0018 0013 0017 0013 0017 0013 0017 0040 0018 0040 0018 0040 0017 0014 0017 0013 0016 0014 0018 0013 0017 0013 0017 0013,
[02:25:35.629][I][remote.pronto:239]: 0016 0014 0018 0013 0016 0015 0017 0013 0018 003F 0017 0013 0017 0013 0017 0040 0016 0014 0017 0040 0018 0013 0018 0013 0019 0180,
[02:25:36.837][D][remote.beo4:085]: Beo4: n_sym=344,fan mid max
[02:25:36.837][I][remote.pronto:231]: Received Pronto: data=,
[02:25:36.846][I][remote.pronto:239]: 0000 006D 00AC 0000 0160 00A9 0019 003E 0018 003F 0018 0013 0017 0013 0017 0013 0017 0013 0018 0014 0018 0040 0018 0013 0018 003F 0019 003F 0019 0012 0018 0013 0018 0013 0018 0014 0018 0013 0018 003F 0018 0013 0017 0013 0018 0013,
[02:25:36.858][I][remote.pronto:239]: 0018 0013 0017 0013 0018 0014 0018 0013 0018 0013 0018 0013 0018 0013 0018 0013 0018 0040 0018 0013 0018 0040 0018 0013 0017 0013 0018 0013 0017 0013 0018 0013 0017 0013 0018 0013 0018 0014 0018 0013 0018 0013 0018 0013 0018 0013,
[02:25:36.879][I][remote.pronto:239]: 0018 0013 0018 0013 0018 0013 0018 0013 0018 0013 0018 0133 0018 0013 0018 003F 0018 0013 0018 0013 0018 0013 0018 0013 0018 0014 0018 003F 0018 0013 0018 0013 0018 0013 0018 0040 0018 0040 0018 0013 0018 0014 0018 0040 0018 0013,
[02:25:36.933][I][remote.pronto:239]: 0017 0013 0018 0040 0018 0013 0018 0040 0018 0013 0018 0014 0018 0013 0018 0013 0018 0013 0018 0013 0018 0013 0018 0013 0018 0013 0018 0014 0018 0040 0018 0013 0018 003F 0018 003F 0018 0013 0017 0013 0018 0013 0017 0014 0018 0013,
[02:25:36.933][I][remote.pronto:239]: 0018 0013 0018 0013 0018 0013 0017 0013 0018 0013 0018 0013 0017 0014 0017 0013 0018 0013 0018 0013 0018 0013 0018 0013 0018 0013 0018 0013 0017 0014 0018 0013 0018 003F 0018 0013 0017 0013 0017 0040 0019 003F 0019 0012 0017 0040,
[02:25:36.944][I][remote.pronto:239]: 0018 003F 0019 0132 0017 0013 0017 0013 0018 0013 0018 0013 0018 0013 0017 0014 0018 0014 0018 0013 0018 003F 0018 0013 0017 0013 0017 0013 0018 0040 0018 0013 0017 0014 0018 0013 0018 0013 0018 0013 0017 0013 0017 0013 0017 0013,
[02:25:37.453][I][remote.pronto:239]: 0017 0014 0017 0014 0018 0013 0017 0013 0018 0013 0017 0013 0017 0013 0017 0013 0018 0013 0018 0040 0018 0013 0017 0013 0018 0013 0018 0013 0017 0040 0018 0040 0018 0040 0018 0014 0018 0013 0018 0013 0017 0013 0017 0013 0018 0013,
[02:25:37.453][I][remote.pronto:239]: 0017 0013 0017 0013 0018 0014 0018 0013 0018 003F 0018 0013 0018 0013 0018 0040 0018 0013 0018 0040 0018 0040 0018 0013 0019 0180,
[02:25:38.310][D][remote.beo4:085]: Beo4: n_sym=344,fan mid
[02:25:38.322][I][remote.pronto:231]: Received Pronto: data=,
[02:25:38.322][I][remote.pronto:239]: 0000 006D 00AC 0000 015F 00AA 0018 003F 0018 003F 0018 0013 0017 0013 0017 0013 0017 0014 0018 0014 0017 0040 0018 0013 0017 003F 0018 0040 0018 0013 0018 0013 0018 0013 0018 0014 0018 0013 0017 0013 0017 0040 0017 0013 0018 0013,
[02:25:38.333][I][remote.pronto:239]: 0018 0013 0017 0013 0018 0014 0018 0013 0017 0013 0017 0013 0017 0013 0017 0013 0018 0040 0018 0013 0017 0040 0018 0013 0017 0013 0018 0013 0018 0013 0018 0013 0018 0013 0018 0013 0017 0014 0017 0013 0018 0013 0018 0013 0018 0013,
[02:25:38.396][I][remote.pronto:239]: 0018 0013 0016 0014 0018 0013 0017 0014 0017 0013 0017 0133 0018 0013 0018 003F 0018 0013 0018 0013 0018 0013 0018 0013 0018 0014 0018 0040 0018 0013 0018 0013 0018 0013 0018 0040 0017 0040 0018 0013 0018 0014 0017 0040 0018 0013,
[02:25:38.401][I][remote.pronto:239]: 0017 0013 0018 0040 0018 0013 0018 0040 0018 0013 0017 0014 0018 0013 0018 0013 0018 0013 0018 0013 0017 0013 0017 0013 0018 0013 0018 0014 0017 0040 0018 0013 0018 003F 0018 0040 0018 0013 0018 0013 0018 0013 0018 0014 0018 0013,
[02:25:38.402][I][remote.pronto:239]: 0017 0013 0018 0013 0018 0013 0018 0013 0018 0013 0018 0013 0017 0014 0018 0013 0018 0013 0018 0013 0017 0013 0018 0013 0019 0012 0017 0013 0018 0014 0017 0013 0018 0013 0018 003F 0018 0013 0017 0040 0019 003F 0018 0013 0017 0040,
[02:25:38.459][I][remote.pronto:239]: 0018 003F 0018 0133 0018 0013 0018 0013 0017 0013 0018 0013 0018 0013 0018 0013 0017 0014 0017 0013 0018 003F 0018 0013 0018 0013 0017 0013 0019 003F 0018 0013 0018 0014 0018 0013 0018 0013 0018 0013 0018 0013 0018 0013 0018 0013,
[02:25:38.459][I][remote.pronto:239]: 0017 0013 0018 0014 0017 0013 0018 0013 0018 0013 0018 0013 0017 0013 0018 0013 0017 0013 0018 0014 0018 0013 0017 0013 0018 0013 0017 0013 0018 0040 0019 003F 0018 0040 0018 0013 0018 0013 0018 0013 0017 0013 0017 0013 0018 0013,
[02:25:38.470][I][remote.pronto:239]: 0018 0013 0018 0013 0018 0014 0018 0013 0018 003F 0018 0013 0018 0013 0018 0040 0017 0013 0018 0040 0018 0014 0017 0013 0019 0180,
[02:25:39.809][D][remote.beo4:085]: Beo4: n_sym=344,fan mid min
[02:25:39.810][I][remote.pronto:231]: Received Pronto: data=,
[02:25:39.810][I][remote.pronto:239]: 0000 006D 00AC 0000 0160 00A9 0018 003F 0018 003F 0019 0012 0018 0013 0018 0013 0018 0013 0018 0014 0017 0040 0019 0012 0018 003F 0018 0040 0019 0012 0018 0013 0018 0013 0017 0014 0018 0013 0017 003F 0017 003F 0018 0013 0018 0013,
[02:25:39.875][I][remote.pronto:239]: 0018 0013 0018 0013 0019 0012 0018 0013 0018 0013 0018 0013 0017 0013 0017 0013 0018 0040 0018 0013 0018 0040 0018 0013 0018 0013 0018 0013 0019 0012 0018 0013 0018 0013 0018 0013 0018 0014 0019 0012 0018 0013 0018 0013 0018 0013,
[02:25:39.876][I][remote.pronto:239]: 0019 0012 0018 0013 0018 0013 0017 0014 0018 0013 0018 0133 0018 0012 0018 003F 0018 0013 0018 0013 0018 0013 0018 0013 0018 0014 0017 0040 0018 0013 0018 0013 0018 0013 0018 0040 0018 0040 0018 0012 0018 0014 0018 0040 0018 0013,
[02:25:39.876][I][remote.pronto:239]: 0018 0013 0018 003F 0018 0013 0018 0040 0018 0013 0018 0014 0017 0013 0018 0013 0018 0013 0018 0013 0018 0013 0018 0013 0018 0013 0018 0014 0018 0040 0018 0013 0018 003F 0019 003E 0018 0013 0018 0013 0018 0013 0018 0013 0018 0013,
[02:25:39.945][I][remote.pronto:239]: 0018 0013 0018 0013 0018 0013 0018 0013 0018 0013 0018 0013 0017 0014 0018 0013 0017 0013 0018 0013 0017 0013 0018 0013 0019 0012 0018 0013 0018 0014 0019 0012 0018 003F 0018 003F 0017 0013 0017 0040 0019 003F 0019 0012 0018 0040,
[02:25:39.946][I][remote.pronto:239]: 0018 003F 0019 0132 0019 0012 0018 0013 0018 0013 0018 0013 0018 0013 0018 0013 0018 0014 0017 0013 0019 003E 0018 0013 0018 0013 0017 0013 0018 0040 0018 0013 0018 0013 0018 0013 0018 0013 0018 0013 0018 0013 0019 0012 0018 0013,
[02:25:39.946][I][remote.pronto:239]: 0018 0013 0018 0014 0018 0013 0018 0013 0018 0013 0018 0013 0018 0013 0018 0013 0017 0013 0019 003F 0018 0013 0018 0013 0018 0013 0019 0012 0018 0040 0018 0040 0018 0040 0018 0014 0018 0013 0018 0013 0018 0013 0018 0013 0018 0013,
[02:25:40.087][I][remote.pronto:239]: 0018 0013 0018 0013 0018 0014 0018 0013 0018 003F 0017 0013 0018 0013 0018 0040 0018 0013 0018 0040 0018 0040 0018 0013 0019 0180,
[02:25:41.279][D][remote.beo4:085]: Beo4: n_sym=344,fan min
[02:25:41.279][I][remote.pronto:231]: Received Pronto: data=,
[02:25:41.291][I][remote.pronto:239]: 0000 006D 00AC 0000 0160 00A9 0017 003F 0018 003F 0018 0013 0018 0013 0018 0013 0018 0013 0017 0014 0017 0040 0019 0012 0018 003F 0017 0040 0018 0013 0018 0013 0018 0013 0018 0014 0018 0013 0017 003F 0018 003F 0018 0013 0018 0013,
[02:25:41.305][I][remote.pronto:239]: 0018 0013 0018 0013 0017 0014 0017 0013 0018 0013 0018 0013 0018 0013 0018 0013 0017 0040 0017 0014 0017 0040 0018 0013 0017 0013 0017 0013 0018 0013 0018 0013 0017 0013 0018 0013 0017 0014 0018 0013 0018 0013 0018 0013 0018 0013,
[02:25:41.326][I][remote.pronto:239]: 0018 0013 0018 0013 0017 0013 0018 0014 0018 0013 0018 0133 0018 0013 0017 003F 0018 0013 0017 0013 0018 0013 0018 0013 0018 0014 0017 0040 0018 0013 0017 0013 0017 0013 0018 0040 0018 0040 0018 0013 0018 0014 0017 0040 0017 0013,
[02:25:41.399][I][remote.pronto:239]: 0018 0013 0018 003F 0018 0013 0018 0040 0018 0013 0018 0014 0018 0013 0017 0013 0018 0013 0018 0013 0017 0013 0017 0013 0017 0014 0017 0014 0017 0040 0018 0013 0017 003F 0018 0040 0018 0013 0017 0013 0017 0013 0016 0015 0018 0013,
[02:25:41.407][I][remote.pronto:239]: 0017 0013 0018 0013 0018 0013 0017 0013 0017 0013 0017 0013 0017 0014 0018 0013 0017 0013 0017 0013 0018 0013 0017 0013 0018 0013 0018 0013 0018 0014 0018 0013 0018 003F 0018 003F 0018 0013 0017 0040 0018 0040 0018 0013 0018 0040,
[02:25:41.408][I][remote.pronto:239]: 0017 003F 0018 0133 0018 0013 0017 0013 0018 0013 0018 0013 0018 0013 0018 0013 0017 0014 0018 0013 0017 003F 0018 0013 0018 0013 0018 0013 0017 0040 0017 0014 0017 0014 0018 0013 0017 0013 0017 0013 0018 0013 0017 0013 0017 0013,
[02:25:41.628][I][remote.pronto:239]: 0017 0014 0017 0014 0017 0013 0017 0013 0018 0013 0018 0013 0018 0013 0017 0013 0018 0013 0018 0014 0018 0013 0017 0013 0017 0013 0018 0013 0018 0040 0017 0040 0018 0040 0018 0014 0017 0013 0017 0013 0017 0013 0017 0013 0018 0013,
[02:25:41.629][I][remote.pronto:239]: 0018 0013 0017 0014 0018 0014 0018 0013 0017 003F 0017 0013 0017 0013 0018 0040 0017 0013 0018 0040 0018 0014 0017 0013 0019 0180,
[02:27:24.633][D][remote.beo4:085]: Beo4: n_sym=344,on timer on 6:00
[02:27:24.633][I][remote.pronto:231]: Received Pronto: data=,
[02:27:24.634][I][remote.pronto:239]: 0000 006D 00AC 0000 015E 00AB 0016 0041 0016 0041 0016 0014 0016 0014 0016 0014 0016 0015 0017 0014 0016 0041 0016 0014 0016 0041 0016 0041 0017 0013 0016 0015 0016 0015 0016 0015 0017 0013 0016 0040 0016 0041 0016 0014 0017 0013,
[02:27:24.697][I][remote.pronto:239]: 0016 0015 0016 0015 0016 0015 0016 0014 0017 0013 0017 0013 0016 0014 0016 0014 0016 0041 0016 0015 0016 0041 0017 0013 0016 0014 0016 0014 0016 0014 0016 0014 0016 0014 0016 0015 0016 0015 0016 0014 0016 0014 0016 0014 0017 0013,
[02:27:24.698][I][remote.pronto:239]: 0016 0014 0016 0014 0016 0015 0016 0015 0016 0014 0016 0134 0017 0013 0016 0041 0016 0014 0017 0013 0016 0014 0016 0015 0016 0015 0016 0041 0017 003F 0017 0013 0017 0013 0016 0041 0017 0040 0017 0014 0016 0015 0017 0040 0017 0013,
[02:27:24.698][I][remote.pronto:239]: 0016 0014 0016 0041 0017 0013 0016 0041 0016 0015 0016 0015 0017 0013 0016 0014 0016 0014 0016 0014 0016 0014 0017 0013 0016 0015 0016 0015 0017 0040 0017 0013 0016 0041 0016 0041 0017 0013 0016 0015 0016 0015 0016 0015 0016 0014,
[02:27:24.769][I][remote.pronto:239]: 0016 0014 0017 0013 0017 0013 0017 0013 0016 0015 0016 0015 0016 0015 0016 0014 0016 0014 0016 0014 0017 0013 0016 0014 0016 0014 0016 0015 0016 0015 0016 0014 0016 0014 0016 0041 0016 0014 0016 0041 0016 0041 0017 0014 0016 0041,
[02:27:24.770][I][remote.pronto:239]: 0017 003F 0016 0134 0016 0014 0016 0014 0016 0014 0016 0014 0016 0014 0016 0015 0017 0014 0016 0014 0016 0040 0017 0013 0016 0041 0017 0013 0016 0015 0016 0015 0016 0015 0016 0014 0017 0013 0016 0014 0016 0014 0016 0014 0016 0015,
[02:27:24.770][I][remote.pronto:239]: 0016 0015 0016 0015 0016 0014 0016 0014 0016 0014 0016 0015 0016 0014 0017 0014 0016 0015 0016 0015 0016 0014 0016 0014 0016 0014 0016 0014 0016 0041 0017 0040 0016 0041 0017 0014 0016 0014 0017 0013 0017 0013 0016 0014 0016 0014,
[02:27:25.227][I][remote.pronto:239]: 0016 0015 0016 0015 0017 0014 0016 0014 0017 003F 0016 0014 0016 0041 0017 0040 0016 0041 0016 0041 0016 0015 0016 0014 0017 0180,
[02:27:29.166][D][remote.beo4:085]: Beo4: n_sym=344,on timer off
[02:27:29.167][I][remote.pronto:231]: Received Pronto: data=,
[02:27:29.178][I][remote.pronto:239]: 0000 006D 00AC 0000 015E 00AB 0017 003F 0016 0041 0016 0014 0016 0014 0016 0015 0016 0015 0016 0015 0016 0041 0016 0014 0016 0041 0016 0041 0017 0013 0016 0015 0016 0015 0016 0015 0016 0014 0016 0040 0016 0041 0016 0014 0016 0014,
[02:27:29.190][I][remote.pronto:239]: 0016 0015 0016 0015 0016 0015 0016 0014 0016 0014 0016 0014 0016 0014 0016 0014 0016 0041 0016 0015 0017 0040 0016 0014 0016 0014 0016 0014 0016 0014 0016 0014 0017 0013 0016 0015 0016 0015 0016 0014 0016 0014 0016 0014 0016 0014,
[02:27:29.211][I][remote.pronto:239]: 0016 0014 0016 0015 0016 0015 0016 0015 0016 0014 0017 0133 0017 0013 0016 0041 0016 0014 0016 0014 0016 0015 0017 0014 0017 0014 0016 0041 0016 0040 0016 0014 0016 0014 0016 0041 0016 0041 0016 0015 0016 0015 0016 0041 0017 0013,
[02:27:29.286][I][remote.pronto:239]: 0015 0015 0017 0040 0017 0013 0016 0041 0016 0015 0016 0015 0017 0013 0016 0014 0016 0014 0016 0014 0016 0014 0016 0015 0016 0015 0016 0015 0016 0014 0016 0014 0016 0014 0016 0014 0016 0014 0016 0014 0016 0015 0016 0015 0016 0014,
[02:27:29.287][I][remote.pronto:239]: 0016 0014 0016 0014 0016 0014 0016 0014 0016 0015 0016 0015 0016 0015 0016 0014 0016 0014 0016 0014 0016 0014 0016 0014 0016 0014 0017 0014 0016 0015 0016 0014 0016 0014 0016 0014 0016 0041 0016 0041 0017 0040 0017 0014 0016 0041,
[02:27:29.287][I][remote.pronto:239]: 0017 0013 0016 0134 0017 0013 0016 0014 0016 0014 0016 0014 0016 0015 0016 0015 0016 0015 0016 0014 0016 0040 0016 0014 0016 0041 0016 0014 0016 0014 0016 0015 0016 0015 0016 0014 0016 0014 0016 0014 0016 0014 0016 0014 0016 0014,
[02:27:29.351][I][remote.pronto:239]: 0016 0015 0016 0015 0016 0014 0016 0014 0016 0014 0016 0014 0016 0014 0016 0015 0016 0015 0016 0015 0016 0014 0016 0014 0016 0014 0016 0014 0016 0041 0016 0041 0016 0041 0016 0015 0016 0014 0017 0013 0016 0014 0016 0014 0016 0014,
[02:27:29.352][I][remote.pronto:239]: 0016 0014 0016 0015 0016 0015 0016 0014 0016 0040 0016 0014 0016 0041 0016 0041 0016 0041 0016 0041 0016 0015 0016 0014 0017 0180,
[02:28:58.967][D][remote.beo4:085]: Beo4: n_sym=344,off timer off
[02:28:58.967][I][remote.pronto:231]: Received Pronto: data=,
[02:28:58.967][I][remote.pronto:239]: 0000 006D 00AC 0000 015E 00AA 0016 0040 0017 0040 0016 0014 0016 0014 0016 0015 0016 0015 0016 0015 0017 0040 0016 0014 0016 0041 0016 0041 0017 0013 0016 0015 0016 0015 0017 0014 0016 0014 0016 0040 0017 0040 0016 0014 0016 0014,
[02:28:59.020][I][remote.pronto:239]: 0016 0014 0015 0016 0016 0015 0016 0014 0016 0014 0016 0014 0016 0014 0016 0014 0016 0041 0017 0014 0016 0041 0016 0014 0016 0014 0017 0013 0016 0014 0016 0014 0016 0015 0016 0015 0015 0016 0016 0014 0015 0015 0016 0014 0016 0014,
[02:28:59.020][I][remote.pronto:239]: 0016 0014 0016 0014 0016 0015 0016 0015 0016 0014 0016 0134 0016 0014 0016 0041 0016 0014 0016 0014 0016 0015 0016 0015 0016 0015 0016 0041 0017 003F 0016 0041 0016 0014 0016 0041 0016 0041 0016 0015 0015 0016 0016 0014 0016 0014,
[02:28:59.029][I][remote.pronto:239]: 0016 0014 0016 0014 0016 0014 0016 0015 0017 0014 0016 0015 0016 0014 0016 0014 0016 0014 0016 0014 0016 0014 0017 0013 0016 0015 0016 0015 0016 0041 0017 0013 0016 0041 0016 0041 0016 0014 0016 0015 0016 0015 0016 0015 0016 0014,
[02:28:59.102][I][remote.pronto:239]: 0016 0014 0016 0014 0017 0013 0016 0014 0016 0014 0016 0015 0016 0015 0016 0014 0016 0014 0016 0014 0016 0014 0017 0013 0016 0014 0016 0015 0015 0016 0016 0014 0016 0014 0016 0014 0016 0041 0016 0041 0016 0014 0016 0015 0016 0041,
[02:28:59.102][I][remote.pronto:239]: 0016 0014 0016 0134 0016 0014 0017 0013 0016 0014 0016 0014 0017 0013 0016 0015 0016 0015 0016 0014 0015 0042 0017 0013 0016 0041 0017 0040 0017 0040 0016 0015 0016 0015 0016 0014 0016 0014 0016 0014 0017 0013 0016 0014 0016 0015,
[02:28:59.103][I][remote.pronto:239]: 0016 0015 0016 0015 0016 0014 0016 0014 0016 0014 0016 0014 0016 0014 0016 0015 0017 0014 0016 0015 0016 0014 0016 0014 0016 0014 0016 0014 0016 0041 0016 0041 0016 0041 0016 0015 0016 0014 0016 0014 0016 0014 0016 0014 0016 0014,
[02:28:59.299][I][remote.pronto:239]: 0016 0014 0016 0015 0016 0015 0016 0014 0016 0040 0016 0014 0016 0041 0016 0014 0016 0015 0016 0041 0016 0015 0016 0014 0017 0180,
[02:29:10.683][D][remote.beo4:085]: Beo4: n_sym=344,off timer on 20:00
[02:29:10.684][I][remote.pronto:231]: Received Pronto: data=,
[02:29:10.696][I][remote.pronto:239]: 0000 006D 00AC 0000 015E 00AA 0016 0040 0016 0041 0017 0013 0015 0015 0017 0013 0016 0015 0016 0015 0016 0041 0017 0013 0016 0041 0017 0040 0016 0014 0016 0015 0016 0015 0016 0015 0017 0013 0017 003F 0016 0041 0017 0013 0016 0014,
[02:29:10.707][I][remote.pronto:239]: 0016 0014 0016 0015 0016 0015 0017 0013 0016 0014 0017 0013 0016 0014 0016 0014 0016 0041 0016 0015 0016 0041 0016 0014 0016 0014 0016 0014 0016 0014 0016 0014 0016 0014 0016 0015 0016 0015 0017 0013 0016 0014 0016 0014 0017 0013,
[02:29:10.730][I][remote.pronto:239]: 0016 0014 0017 0014 0016 0015 0016 0015 0017 0013 0016 0134 0016 0014 0016 0041 0017 0013 0017 0013 0017 0013 0017 0014 0016 0015 0017 0040 0016 0040 0017 0040 0016 0014 0017 0040 0016 0041 0017 0014 0017 0014 0017 0040 0017 0013,
[02:29:10.805][I][remote.pronto:239]: 0016 0014 0017 0040 0017 0013 0017 0040 0017 0014 0016 0015 0016 0014 0016 0014 0016 0014 0016 0014 0017 0013 0017 0013 0016 0015 0017 0014 0016 0041 0017 0013 0016 0041 0017 0040 0016 0014 0016 0015 0016 0015 0016 0015 0017 0013,
[02:29:10.806][I][remote.pronto:239]: 0016 0014 0016 0014 0017 0013 0016 0014 0016 0014 0016 0015 0016 0015 0016 0014 0016 0014 0016 0014 0016 0014 0016 0014 0016 0014 0017 0014 0016 0015 0017 0013 0016 0014 0016 0014 0017 0013 0016 0041 0016 0041 0017 0014 0016 0041,
[02:29:10.806][I][remote.pronto:239]: 0017 003F 0017 0133 0017 0013 0017 0013 0016 0014 0016 0014 0016 0014 0016 0015 0016 0015 0016 0014 0017 003F 0016 0014 0017 0040 0016 0041 0016 0041 0016 0015 0016 0015 0017 0013 0016 0014 0016 0014 0016 0014 0016 0014 0017 0014,
[02:29:10.899][I][remote.pronto:239]: 0016 0015 0017 0014 0016 0014 0017 0013 0017 0013 0016 0014 0017 0013 0016 0014 0016 0015 0017 0014 0016 0014 0016 0014 0016 0014 0016 0014 0016 0041 0017 0041 0016 0041 0016 0015 0017 0013 0016 0014 0017 0013 0017 0013 0016 0014,
[02:29:10.900][I][remote.pronto:239]: 0017 0013 0016 0015 0017 0014 0016 0014 0017 003F 0017 0013 0017 0040 0016 0014 0016 0014 0017 0040 0017 0014 0016 0014 0017 0180,
