[07:32:14.308][I][remote.pronto:231]: Received Pronto: data=
[07:32:14.308][I][remote.pronto:239]: 0000 006D 00AC 0000 0160 00A9 0018 003F 0018 003F 0018 0013 0018 0013 0018 0013 0018 0013 0018 0013 0018 0040 0018 0013 0018 003F 0018 0040 0017 0013 0018 0013 0018 0013 0018 0014 0018 0013 0018 003F 0018 003F 0018 0013 0018 0013
[07:32:14.308][I][remote.pronto:239]: 0018 0013 0018 0013 0018 0014 0018 0013 0018 0013 0018 003F 0017 0013 0018 0013 0018 0013 0018 0013 0018 0013 0018 0013 0018 0013 0019 0012 0018 0013 0018 0013 0018 0013 0018 0013 0018 0014 0018 0013 0018 0013 0018 0013 0018 0013
[07:32:14.370][I][remote.pronto:239]: 0018 0013 0018 0013 0018 0013 0018 0014 0018 0013 0018 0133 0018 003F 0018 003F 0017 0040 0018 0013 0018 0013 0018 0040 0018 0014 0018 0040 0018 0013 0018 003F 0017 0040 0018 0040 0018 0040 0017 0013 0018 0014 0018 0013 0018 0013
[07:32:14.370][I][remote.pronto:239]: 0018 0013 0018 0013 0018 0013 0018 0013 0018 0013 0018 0014 0018 0013 0018 0013 0018 0013 0018 0013 0018 0013 0018 0013 0018 0013 0018 0014 0018 0013 0018 0013 0018 0013 0018 0013 0018 0013 0018 0013 0018 0013 0018 0014 0018 0013
[07:32:14.370][I][remote.pronto:239]: 0018 0013 0018 0013 0018 0013 0018 0013 0018 0013 0018 0013 0018 0014 0018 0013 0018 0013 0018 0013 0018 0013 0018 0013 0018 0013 0018 0013 0018 0014 0018 0013 0018 0013 0018 0013 0019 0012 0018 0040 0018 0040 0018 0040 0018 0014
[07:32:14.442][I][remote.pronto:239]: 0018 003F 0018 0133 0018 0013 0018 0013 0018 0013 0018 0013 0018 0013 0018 0013 0018 0014 0018 0013 0018 0013 0018 0013 0018 0013 0018 0013 0018 0013 0018 0013 0018 0014 0018 0013 0018 0013 0018 0013 0018 0013 0018 0013 0018 0013
[07:32:14.443][I][remote.pronto:239]: 0018 0013 0018 0014 0018 0013 0018 0013 0018 0013 0018 0013 0018 0013 0018 0013 0018 0013 0018 0014 0018 0013 0018 0013 0018 0013 0018 0013 0018 0040 0018 0040 0018 0040 0018 0014 0018 0013 0018 0013 0018 0013 0018 0013 0018 0013
[07:32:14.443][I][remote.pronto:239]: 0018 0013 0018 0013 0018 0013 0018 0013 0018 0013 0018 0013 0018 0013 0018 0040 0018 0040 0018 0040 0018 0014 0018 0013 0019 0180
[07:32:15.586][I][remote.pronto:231]: Received Pronto: data=
[07:32:15.586][I][remote.pronto:239]: 0000 006D 00AC 0000 0160 00A9 0018 003F 0017 003F 0018 0013 0018 0013 0018 0013 0018 0013 0018 0014 0018 0040 0017 0013 0018 003F 0018 0040 0018 0013 0017 0013 0018 0013 0018 0014 0018 0013 0018 003F 0018 003F 0018 0013 0018 0013
[07:32:15.586][I][remote.pronto:239]: 0018 0013 0018 0013 0018 0014 0018 0013 0018 0013 0018 003F 0018 0013 0018 0013 0018 0013 0018 0013 0018 0014 0018 0013 0018 0013 0018 0013 0018 0013 0018 0013 0018 0013 0018 0013 0018 0014 0018 0013 0018 0013 0018 0013 0018 0013
[07:32:15.649][I][remote.pronto:239]: 0018 0013 0018 0013 0018 0013 0018 0014 0018 0013 0018 0133 0017 003F 0017 003F 0017 0040 0017 0013 0018 0013 0018 0040 0018 0014 0017 0040 0018 0013 0018 003F 0018 0040 0017 0040 0017 0040 0017 0013 0018 0014 0018 0013 0018 0013
[07:32:15.649][I][remote.pronto:239]: 0018 0013 0018 0013 0018 0013 0017 0013 0018 0013 0018 0014 0018 0013 0018 0013 0018 0013 0018 0013 0018 0013 0018 0013 0017 0013 0018 0014 0018 0013 0018 0013 0018 0013 0018 0013 0018 0013 0018 0013 0018 0013 0018 0014 0018 0013
[07:32:15.649][I][remote.pronto:239]: 0018 0013 0018 0013 0018 0013 0018 0013 0017 0013 0018 0013 0018 0014 0018 0013 0018 0013 0018 0013 0018 0013 0018 0013 0017 0013 0018 0013 0018 0014 0018 0013 0018 0013 0018 0013 0018 0013 0018 0040 0017 0040 0017 0040 0018 0014
[07:32:15.700][I][remote.pronto:239]: 0018 003F 0018 0133 0018 0013 0018 0013 0018 0013 0018 0013 0018 0013 0018 0013 0018 0014 0018 0013 0018 0013 0018 0013 0017 0013 0018 0013 0018 0013 0018 0013 0018 0014 0018 0013 0018 0013 0018 0013 0018 0013 0018 0013 0018 0013
[07:32:15.700][I][remote.pronto:239]: 0018 0013 0018 0014 0018 0013 0018 0013 0018 0013 0018 0013 0018 0013 0018 0013 0018 0013 0018 0014 0018 0013 0018 0013 0018 0013 0018 0013 0018 0040 0018 0040 0018 0040 0017 0014 0018 0013 0018 0013 0018 0013 0018 0013 0018 0013
[07:32:15.722][I][remote.pronto:239]: 0018 0013 0018 0013 0018 0013 0018 0013 0018 0013 0018 0013 0018 0013 0018 0040 0017 0040 0018 0040 0018 0014 0018 0013 0019 0180
[07:32:16.603][I][remote.pronto:231]: Received Pronto: data=
[07:32:16.603][I][remote.pronto:239]: 0000 006D 00AC 0000 0160 00A9 0018 003F 0018 003F 0018 0013 0018 0012 0018 0013 0018 0013 0018 0014 0018 0040 0018 0013 0018 003F 0018 003F 0018 0013 0018 0013 0018 0013 0018 0013 0018 0013 0017 003F 0018 003E 001A 0012 0018 0013
[07:32:16.603][I][remote.pronto:239]: 0018 0013 0017 0013 0018 0014 0018 0013 0018 0013 0018 003F 0017 0013 0017 0013 0018 0013 0018 0013 0018 0014 0018 0013 0018 0013 0018 0013 0018 0013 0018 0013 0018 0013 0018 0013 0018 0014 0018 0013 0018 0013 0018 0013 0018 0013
[07:32:16.666][I][remote.pronto:239]: 0018 0013 0018 0013 0018 0013 0018 0014 0018 0013 0018 0133 0018 003F 0018 003F 0018 0040 0018 0013 0018 0013 0018 0040 0018 0014 0018 0040 0018 0013 0018 003F 0017 0040 0017 0040 0017 0040 0018 0013 0018 0014 0018 0013 0018 0013
[07:32:16.666][I][remote.pronto:239]: 0018 0013 0018 0013 0018 0013 0018 0013 0018 0013 0018 0013 0018 0013 0018 0013 0018 0013 0018 0013 0018 0013 0018 0013 0018 0013 0018 0014 0018 0013 0018 0013 0018 0013 0018 0013 0018 0013 0018 0013 0018 0013 0018 0013 0018 0013
[07:32:16.666][I][remote.pronto:239]: 0018 0013 0018 0013 0018 0013 0018 0013 0018 0013 0018 0013 0018 0014 0018 0013 0018 0013 0018 0013 0018 0013 0018 0013 0018 0013 0018 0013 0018 0013 0018 0013 0018 0013 0018 0013 0018 0013 0018 0040 0018 0040 0018 0040 0018 0014
[07:32:16.728][I][remote.pronto:239]: 0018 003F 0017 0133 0018 0013 0018 0013 0018 0013 0018 0013 0018 0013 0018 0013 0018 0014 0018 0013 0018 0013 0018 0013 0018 0013 0018 0013 0018 0013 0018 0013 0018 0014 0018 0013 0018 0013 0018 0013 0018 0013 0018 0013 0018 0013
[07:32:16.728][I][remote.pronto:239]: 0018 0013 0018 0014 0018 0013 0018 0013 0018 0013 0018 0013 0018 0013 0018 0013 0018 0013 0018 0014 0018 0013 0018 0013 0018 0013 0018 0013 0018 0040 0017 0040 0017 0040 0017 0014 0018 0013 0018 0013 0017 0013 0017 0013 0018 0013
[07:32:16.740][I][remote.pronto:239]: 0018 0013 0018 0013 0018 0014 0018 0013 0018 0013 0017 0013 0018 0013 0018 0040 0018 0040 0017 0040 0017 0014 0018 0013 0019 0180
[07:32:18.029][I][remote.pronto:231]: Received Pronto: data=
[07:32:18.029][I][remote.pronto:239]: 0000 006D 00AC 0000 0160 00A9 0018 003F 0018 003F 0017 0013 0018 0013 0018 0013 0017 0013 0018 0014 0018 0040 0018 0013 0018 003F 0018 003F 0018 0013 0018 0013 0018 0013 0018 0014 0018 0013 0018 003F 0018 003F 0017 0013 0018 0013
[07:32:18.029][I][remote.pronto:239]: 0018 0013 0018 0013 0018 0014 0018 0013 0018 0013 0018 003F 0018 0013 0018 0013 0018 0013 0018 0013 0018 0014 0018 0013 0019 0012 0018 0013 0018 0013 0019 0012 0018 0013 0018 0013 0018 0013 0018 0013 0018 0013 0018 0013 0017 0013
[07:32:18.091][I][remote.pronto:239]: 0018 0013 0018 0013 0018 0013 0018 0013 0018 0013 0018 0133 0019 003E 0018 003F 0019 003E 0018 0013 0018 0013 0018 0040 0018 0013 0018 0040 0018 0013 0018 003F 0018 0040 0018 0040 0019 003F 0018 0013 0018 0013 0018 0013 0018 0013
[07:32:18.091][I][remote.pronto:239]: 0018 0013 0018 0013 0018 0013 0019 0012 0018 0013 0018 0013 0018 0013 0019 0012 0018 0013 0018 0013 0018 0013 0018 0013 0018 0013 0018 0014 0018 0013 0018 0013 0018 0013 0018 0013 0018 0013 0018 0013 0018 0013 0018 0014 0018 0013
[07:32:18.091][I][remote.pronto:239]: 0018 0013 0018 0013 0018 0013 0018 0013 0018 0013 0018 0013 0018 0013 0018 0013 0019 0012 0018 0013 0018 0013 0018 0013 0017 0013 0018 0013 0018 0014 0018 0013 0018 0013 0018 0013 0018 0013 0018 0040 0018 0040 0017 0040 0018 0013
[07:32:18.161][I][remote.pronto:239]: 0018 003F 0018 0133 0018 0013 0018 0013 0017 0013 0018 0013 0018 0013 0018 0013 0018 0014 0018 0013 0018 0013 0018 0013 0018 0013 0018 0013 0018 0013 0018 0013 0018 0013 0018 0013 0018 0013 0018 0013 0018 0013 0018 0013 0018 0013
[07:32:18.161][I][remote.pronto:239]: 0018 0013 0018 0013 0018 0013 0018 0013 0018 0013 0018 0013 0018 0013 0018 0013 0018 0013 0018 0013 0018 0013 0018 0013 0018 0013 0018 0013 0018 0040 0018 0040 0018 0040 0018 0014 0018 0013 0018 0013 0018 0013 0018 0013 0018 0013
[07:32:18.162][I][remote.pronto:239]: 0018 0013 0018 0014 0018 0013 0018 0013 0018 0013 0018 0013 0018 0013 0018 0040 0018 0040 0017 0040 0018 0014 0018 0013 0019 0180
