[03:36:07][I][remote.pronto:239]: 0000 006D 00AC 0000 015E 00AA 0018 003F 0018 003F 0017 0013 0017 0013 0018 0013 0016 0015 0017 0014 0017 0040 0017 0013 0017 0040 0018 0040 0018 0013 0017 0013 0018 0013 0016 0015 0017 0013 0016 0014 0017 0013 0017 0013 0017 0013
[03:36:07][I][remote.pronto:239]: 0016 0014 0017 0014 0017 0014 0017 0013 0017 0013 0017 0013 0017 0013 0017 0013 0017 0040 0019 0012 0016 0041 0017 0013 0018 0013 0017 0013 0017 0013 0017 0013 0017 0013 0017 0014 0017 0014 0017 0013 0017 0013 0017 0013 0017 0013
[03:36:07][I][remote.pronto:239]: 0017 0013 0017 0013 0017 0014 0017 0014 0017 0013 0017 0133 0017 003F 0017 003F 0019 0012 0017 0013 0017 0013 0017 0014 0016 0015 0017 0040 0017 0013 0017 003F 0017 0013 0017 0013 0017 0013 0017 0040 0018 0014 0017 0013 0017 0013
[03:36:07][I][remote.pronto:239]: 0017 0013 0016 0014 0017 0013 0016 0014 0017 0014 0017 0014 0017 0013 0016 0014 0017 0013 0017 0013 0016 0014 0017 0013 0017 0013 0019 0013 0016 0014 0017 0013 0017 0013 0017 0013 0016 0014 0017 0013 0017 0014 0017 0014 0017 0013
[03:36:07][I][remote.pronto:239]: 0017 0013 0017 0013 0017 0013 0017 0013 0016 0014 0017 0013 0017 0014 0016 0014 0016 0014 0016 0014 0016 0014 0017 0013 0017 0013 0017 0014 0017 0014 0017 0013 0017 003F 0017 0013 0017 0013 0017 0013 0016 0041 0017 0040 0017 0040
[03:36:07][I][remote.pronto:239]: 0017 003F 0017 0133 0018 0012 0017 0013 0017 0013 0016 0014 0017 0013 0016 0015 0016 0015 0017 0013 0017 003F 0018 0013 0017 0013 0016 0014 0017 0040 0017 0014 0016 0015 0016 0014 0016 0014 0017 0013 0017 0013 0016 0014 0018 0013
[03:36:07][I][remote.pronto:239]: 0017 0014 0017 0014 0016 0014 0017 0013 0016 0014 0017 0013 0017 0013 0017 0013 0017 0014 0018 0014 0017 0013 0017 0013 0016 0014 0017 0013 0017 0040 0018 0040 0017 0040 0018 0014 0017 0013 0016 0014 0016 0014 0016 0014 0018 0013
[03:36:07][I][remote.pronto:239]: 0016 0014 0016 0015 0017 0014 0017 0013 0016 0040 0018 0013 0017 0013 0018 0040 0018 0013 0017 0040 0017 0014 0016 0014 0018 0180
[03:36:09][I][remote.pronto:239]: 0000 006D 00AC 0000 015E 00AA 0017 003F 0017 0040 0018 0013 0017 0013 0017 0013 0017 0014 0016 0015 0016 0041 0017 0013 0016 0041 0017 0040 0017 0013 0016 0014 0016 0015 0016 0015 0017 0013 0016 0040 0017 0013 0016 0014 0017 0013
[03:36:09][I][remote.pronto:239]: 0017 0013 0017 0014 0017 0014 0017 0013 0017 0013 0017 0013 0016 0014 0016 0014 0017 0040 0017 0014 0017 0040 0017 0013 0017 0013 0017 0013 0015 0015 0016 0014 0017 0013 0017 0014 0017 0014 0016 0014 0016 0014 0017 0013 0017 0013
[03:36:09][I][remote.pronto:239]: 0016 0014 0017 0013 0016 0015 0016 0015 0017 0013 0017 0133 0017 003F 0017 0040 0018 0013 0016 0014 0017 0013 0016 0015 0016 0015 0017 0040 0017 0013 0016 0041 0017 0013 0016 0014 0016 0015 0017 0040 0017 0014 0017 0013 0016 0014
[03:36:09][I][remote.pronto:239]: 0016 0014 0017 0013 0016 0014 0017 0013 0016 0015 0016 0015 0016 0014 0016 0014 0017 0013 0016 0014 0016 0014 0016 0014 0016 0015 0017 0014 0016 0014 0016 0014 0016 0014 0016 0014 0017 0013 0016 0014 0017 0014 0016 0015 0016 0014
[03:36:09][I][remote.pronto:239]: 0017 0013 0017 0013 0016 0014 0016 0014 0017 0014 0016 0015 0016 0015 0017 0013 0016 0014 0016 0014 0016 0014 0017 0013 0017 0013 0016 0015 0016 0015 0016 0014 0016 0014 0017 0013 0017 0013 0016 0014 0016 0041 0018 0040 0017 0040
[03:36:09][I][remote.pronto:239]: 0017 003F 0017 0133 0017 0013 0017 0013 0017 0013 0017 0013 0016 0014 0017 0014 0017 0014 0017 0013 0017 003F 0017 0013 0017 0013 0016 0014 0016 0041 0018 0013 0016 0015 0015 0015 0016 0014 0017 0013 0017 0013 0016 0014 0017 0013
[03:36:09][I][remote.pronto:239]: 0016 0015 0016 0015 0016 0014 0017 0013 0016 0014 0016 0014 0017 0013 0017 0013 0016 0015 0016 0015 0016 0014 0016 0014 0016 0014 0016 0014 0016 0041 0017 0040 0019 003F 0017 0014 0017 0013 0018 0013 0016 0014 0016 0014 0016 0014
[03:36:09][I][remote.pronto:239]: 0016 0014 0016 0015 0016 0015 0017 0014 0016 0040 0017 0013 0016 0014 0017 0040 0018 0013 0016 0041 0017 0014 0017 0013 0017 0180
[03:36:10][I][remote.pronto:239]: 0000 006D 00AC 0000 015E 00AA 0017 003F 0018 003F 0017 0013 0017 0013 0017 0013 0017 0014 0016 0015 0017 0040 0017 0013 0017 0040 0018 003F 0019 0012 0016 0014 0017 0014 0017 0014 0016 0014 0017 003F 0018 0013 0017 0013 0017 0013
[03:36:10][I][remote.pronto:239]: 0017 0014 0016 0015 0016 0015 0016 0014 0017 0013 0017 0013 0017 0013 0017 0013 0016 0041 0017 0014 0016 0041 0017 0013 0016 0014 0017 0013 0016 0014 0017 0013 0017 0013 0016 0015 0017 0014 0016 0014 0016 0014 0017 0013 0017 0013
[03:36:10][I][remote.pronto:239]: 0016 0014 0017 0014 0016 0015 0017 0014 0016 0014 0017 0133 0017 003F 0017 0040 0017 0013 0017 0013 0016 0014 0017 0014 0016 0015 0017 0040 0018 0013 0017 0040 0017 0013 0016 0014 0016 0014 0017 0040 0018 0014 0017 0013 0017 0013
[03:36:10][I][remote.pronto:239]: 0017 0013 0016 0014 0017 0013 0017 0013 0017 0014 0017 0014 0017 0013 0017 0013 0017 0013 0017 0013 0017 0013 0016 0014 0016 0015 0017 0014 0016 0014 0017 0013 0016 0014 0017 0013 0017 0013 0016 0014 0017 0014 0016 0015 0017 0013
[03:36:10][I][remote.pronto:239]: 0016 0014 0017 0013 0016 0014 0017 0013 0016 0014 0017 0014 0017 0014 0016 0014 0016 0014 0016 0014 0017 0013 0016 0014 0016 0014 0017 0014 0017 0014 0017 0013 0017 0013 0016 0014 0017 0013 0017 0013 0016 0041 0017 0040 0017 0040
[03:36:10][I][remote.pronto:239]: 0017 003F 0018 0133 0018 0013 0017 0013 0017 0013 0017 0013 0017 0013 0017 0014 0016 0015 0016 0014 0017 003F 0018 0013 0017 0013 0017 0013 0017 0040 0017 0014 0016 0015 0017 0013 0016 0014 0018 0013 0017 0013 0017 0013 0016 0014
[03:36:10][I][remote.pronto:239]: 0018 0013 0016 0015 0017 0013 0016 0014 0017 0013 0017 0013 0017 0013 0017 0013 0017 0013 0017 0040 0017 0013 0016 0014 0016 0014 0016 0014 0017 0040 0017 0040 0018 0040 0017 0014 0017 0013 0017 0013 0017 0013 0016 0014 0017 0013
[03:36:10][I][remote.pronto:239]: 0017 0013 0016 0015 0016 0015 0017 0013 0017 003F 0017 0013 0017 0013 0017 0040 0017 0013 0017 0040 0018 0040 0018 0013 0017 0180
[03:36:11][I][remote.pronto:239]: 0000 006D 00AC 0000 015E 00AA 0017 003F 0016 0041 0017 0013 0016 0014 0017 0013 0016 0015 0017 0014 0017 0040 0017 0013 0017 003F 0017 0040 0017 0013 0016 0014 0016 0015 0016 0015 0016 0014 0016 0014 0017 0040 0017 0013 0016 0014
[03:36:11][I][remote.pronto:239]: 0017 0013 0016 0015 0017 0014 0016 0014 0016 0014 0017 0013 0017 0013 0017 0013 0017 0040 0017 0014 0017 0040 0017 0013 0017 0013 0017 0013 0016 0014 0017 0013 0016 0014 0016 0015 0016 0015 0017 0013 0016 0014 0017 0013 0016 0014
[03:36:11][I][remote.pronto:239]: 0016 0014 0016 0014 0017 0014 0016 0015 0016 0014 0016 0134 0017 003F 0017 003F 0017 0013 0017 0013 0016 0014 0016 0015 0017 0014 0016 0041 0017 0013 0016 0041 0017 0013 0016 0014 0018 0013 0017 0040 0017 0014 0017 0013 0016 0014
[03:36:11][I][remote.pronto:239]: 0016 0014 0017 0013 0018 0013 0017 0013 0017 0014 0017 0014 0016 0014 0017 0013 0016 0014 0017 0013 0017 0013 0017 0013 0017 0014 0017 0014 0017 0013 0016 0014 0017 0013 0017 0013 0016 0014 0017 0013 0016 0015 0016 0015 0017 0013
[03:36:11][I][remote.pronto:239]: 0017 0013 0016 0014 0017 0013 0017 0013 0017 0013 0017 0014 0016 0015 0016 0014 0017 0013 0017 0013 0017 0013 0017 0013 0017 0013 0016 0015 0016 0015 0017 0013 0016 0040 0017 0040 0017 0013 0018 0013 0016 0041 0017 0040 0019 003F
[03:36:11][I][remote.pronto:239]: 0018 003F 0017 0133 0017 0013 0017 0013 0017 0013 0017 0013 0016 0015 0017 0014 0017 0014 0017 0013 0016 0041 0017 0013 0017 0013 0016 0014 0017 0040 0017 0013 0016 0015 0016 0014 0017 0013 0017 0013 0017 0013 0017 0013 0016 0015
[03:36:11][I][remote.pronto:239]: 0017 0014 0017 0014 0016 0014 0016 0014 0016 0014 0016 0014 0016 0014 0017 0013 0017 0014 0016 0015 0016 0014 0017 0013 0017 0013 0017 0013 0017 0040 0016 0041 0017 0040 0017 0014 0017 0013 0017 0013 0017 0013 0017 0013 0016 0014
[03:36:11][I][remote.pronto:239]: 0016 0015 0016 0015 0017 0014 0016 0014 0016 0040 0017 0013 0016 0014 0016 0041 0017 0013 0016 0041 0017 0014 0016 0014 0017 0180
[03:36:12][I][remote.pronto:239]: 0000 006D 00AC 0000 015E 00AA 0017 003F 0017 0040 0017 0013 0017 0013 0016 0014 0016 0015 0016 0015 0016 0041 0017 0013 0017 003F 0017 0040 0017 0013 0016 0014 0016 0015 0016 0015 0017 0013 0017 003F 0017 003F 0017 0013 0016 0014
[03:36:12][I][remote.pronto:239]: 0016 0014 0017 0014 0016 0015 0016 0014 0017 0013 0017 0013 0016 0014 0017 0013 0016 0041 0017 0014 0016 0041 0018 0013 0016 0014 0017 0013 0016 0014 0016 0014 0016 0014 0017 0014 0016 0015 0017 0014 0016 0014 0016 0014 0016 0014
[03:36:12][I][remote.pronto:239]: 0016 0014 0016 0014 0016 0015 0016 0015 0017 0013 0016 0134 0017 003F 0018 003F 0017 0013 0017 0013 0017 0014 0016 0015 0016 0015 0017 0040 0016 0014 0017 003F 0017 0013 0017 0013 0016 0014 0017 0040 0017 0014 0016 0014 0017 0013
[03:36:12][I][remote.pronto:239]: 0017 0013 0016 0014 0016 0014 0017 0013 0016 0015 0016 0015 0017 0013 0016 0014 0016 0014 0016 0014 0017 0013 0017 0013 0016 0015 0017 0014 0016 0014 0017 0013 0017 0013 0016 0014 0017 0013 0017 0013 0016 0015 0017 0014 0016 0014
[03:36:12][I][remote.pronto:239]: 0017 0014 0016 0014 0017 0013 0017 0013 0017 0013 0017 0014 0017 0014 0017 0013 0016 0014 0016 0014 0017 0013 0017 0013 0016 0014 0017 0014 0016 0015 0016 0014 0016 0014 0016 0041 0017 0013 0016 0014 0016 0041 0018 0040 0017 0040
[03:36:12][I][remote.pronto:239]: 0017 003F 0017 0133 0017 0013 0016 0014 0017 0013 0017 0013 0017 0013 0017 0014 0017 0014 0016 0014 0017 003F 0018 0013 0017 0013 0016 0014 0016 0041 0017 0014 0016 0015 0017 0013 0016 0014 0015 0015 0017 0013 0016 0014 0017 0013
[03:36:12][I][remote.pronto:239]: 0017 0013 0017 0014 0017 0013 0017 0013 0017 0013 0016 0014 0016 0014 0016 0014 0017 0014 0016 0041 0017 0013 0016 0014 0016 0014 0016 0014 0017 0040 0017 0040 0016 0041 0017 0014 0017 0013 0016 0014 0017 0013 0016 0014 0017 0013
[03:36:12][I][remote.pronto:239]: 0016 0014 0017 0014 0016 0015 0016 0014 0017 003F 0017 0013 0017 0013 0016 0041 0017 0013 0017 0040 0017 0040 0017 0013 0017 0180
[03:36:12][I][remote.pronto:239]: 0000 006D 00AC 0000 015E 00AA 0017 003F 0017 0040 0018 0013 0017 0013 0017 0013 0016 0015 0016 0015 0017 0040 0017 0013 0017 0040 0017 0040 0017 0013 0016 0014 0017 0013 0016 0015 0017 0013 0016 0040 0017 0040 0017 0013 0016 0014
[03:36:12][I][remote.pronto:239]: 0016 0014 0016 0015 0016 0015 0016 0014 0017 0013 0016 0014 0016 0014 0017 0013 0016 0041 0018 0013 0017 0040 0017 0013 0017 0013 0017 0013 0016 0014 0016 0014 0017 0013 0017 0014 0017 0014 0016 0014 0016 0014 0016 0014 0016 0014
[03:36:12][I][remote.pronto:239]: 0017 0013 0016 0014 0017 0014 0016 0015 0016 0014 0016 0134 0017 003F 0017 0040 0017 0013 0017 0013 0017 0013 0017 0014 0017 0014 0017 0040 0018 0013 0016 0041 0018 0013 0016 0014 0016 0014 0017 0040 0017 0014 0016 0014 0017 0013
[03:36:12][I][remote.pronto:239]: 0016 0014 0017 0013 0016 0014 0017 0013 0017 0014 0017 0014 0017 0013 0016 0014 0016 0014 0016 0014 0016 0014 0017 0013 0017 0014 0017 0014 0017 0013 0016 0014 0016 0014 0016 0014 0017 0013 0016 0015 0017 0014 0017 0014 0016 0014
[03:36:12][I][remote.pronto:239]: 0017 0013 0017 0013 0017 0013 0017 0013 0017 0013 0017 0014 0017 0014 0016 0014 0016 0014 0017 0013 0017 0013 0017 0013 0017 0013 0017 0014 0016 0015 0017 0013 0017 0013 0017 0040 0018 0013 0017 0013 0017 0040 0017 0040 0017 0040
[03:36:13][I][remote.pronto:239]: 0017 003F 0017 0133 0017 0013 0017 0013 0017 0013 0017 0013 0016 0014 0017 0014 0017 0014 0016 0014 0016 0040 0018 0013 0017 0013 0016 0014 0017 0040 0017 0014 0017 0014 0017 0013 0017 0013 0016 0014 0017 0013 0017 0013 0016 0015
[03:36:13][I][remote.pronto:239]: 0016 0015 0017 0014 0016 0014 0016 0014 0017 0013 0016 0014 0018 0013 0017 0014 0016 0015 0017 0015 0016 0014 0017 0013 0017 0013 0017 0013 0017 0040 0018 0040 0018 0040 0018 0014 0017 0013 0017 0013 0017 0013 0017 0013 0016 0014
[03:36:13][I][remote.pronto:239]: 0017 0013 0016 0015 0017 0014 0017 0013 0016 0040 0017 0013 0017 0013 0017 0040 0017 0013 0015 0042 0017 0014 0017 0013 0018 0180
[03:36:14][I][remote.pronto:239]: 0000 006D 00AC 0000 015E 00AA 0017 003F 0019 003E 0018 0013 0017 0013 0017 0013 0016 0015 0017 0014 0017 0040 0018 0013 0017 003F 0019 003E 0019 0012 0017 0013 0017 0014 0017 0014 0017 0013 0017 0013 0017 0013 0017 0013 0017 0013
[03:36:14][I][remote.pronto:239]: 0017 0013 0018 0013 0017 0014 0018 0013 0018 0013 0016 0014 0017 0013 0017 0013 0017 0040 0017 0013 0017 0040 0019 0012 0018 0013 0018 0013 0016 0014 0018 0013 0017 0013 0017 0014 0018 0014 0017 0013 0017 0013 0018 0013 0017 0013
[03:36:14][I][remote.pronto:239]: 0017 0013 0017 0013 0017 0014 0018 0014 0018 0013 0017 0133 0018 003F 0019 003E 0018 0013 0018 0013 0017 0013 0016 0015 0018 0014 0018 0040 0019 0012 0017 003F 0018 0013 0017 0013 0018 0013 0017 0040 0019 0012 0018 0013 0017 0013
[03:36:15][I][remote.pronto:239]: 0017 0013 0017 0013 0018 0013 0018 0013 0017 0014 0017 0014 0016 0014 0019 0012 0017 0013 0017 0014 0016 0014 0017 0013 0016 0015 0017 0014 0017 0013 0017 0013 0017 0013 0017 0013 0017 0013 0016 0014 0017 0014 0017 0014 0016 0014
[03:36:15][I][remote.pronto:239]: 0017 0013 0017 0013 0017 0013 0017 0013 0018 0013 0017 0014 0018 0014 0017 0013 0017 0013 0017 0013 0016 0014 0017 0013 0017 0013 0017 0013 0017 0014 0016 0014 0017 003F 0017 0013 0017 0013 0017 0013 0017 0040 0018 0040 0019 003F
[03:36:15][I][remote.pronto:239]: 0018 003F 0019 0132 0019 0012 0017 0013 0016 0014 0018 0013 0017 0013 0017 0013 0018 0014 0017 0013 0018 003F 0019 0012 0017 0013 0017 0013 0017 0040 0018 0013 0018 0014 0017 0013 0017 0013 0016 0014 0017 0013 0017 0013 0017 0013
[03:36:15][I][remote.pronto:239]: 0019 0012 0017 0014 0017 0013 0017 0013 0017 0013 0017 0013 0017 0013 0017 0013 0018 0013 0017 0014 0017 0013 0017 0013 0017 0013 0017 0013 0017 0040 0019 003F 0018 0040 0018 0014 0017 0013 0017 0013 0017 0013 0017 0013 0017 0013
[03:36:15][I][remote.pronto:239]: 0017 0013 0016 0015 0017 0014 0017 0013 0016 0040 0018 0013 0016 0014 0017 0040 0018 0013 0018 0040 0018 0014 0017 0013 0018 0180
[03:36:16][I][remote.pronto:239]: 0000 006D 00AC 0000 015E 00AB 0018 003E 0017 0040 0017 0013 0016 0014 0016 0014 0016 0015 0017 0014 0017 0040 0017 0013 0017 0040 0018 0040 0017 0013 0017 0013 0017 0014 0017 0014 0017 0013 0017 003F 0017 0013 0017 0013 0016 0014
[03:36:16][I][remote.pronto:239]: 0017 0014 0016 0015 0017 0014 0017 0013 0017 0013 0016 0014 0016 0014 0016 0014 0017 0040 0017 0014 0016 0041 0018 0013 0017 0013 0017 0013 0017 0013 0016 0014 0016 0015 0017 0014 0017 0014 0017 0013 0017 0013 0017 0013 0016 0014
[03:36:16][I][remote.pronto:239]: 0018 0013 0016 0014 0017 0014 0017 0014 0016 0014 0017 0133 0018 003F 0017 003F 0019 0012 0016 0014 0017 0013 0016 0015 0017 0014 0017 0040 0017 0013 0017 003F 0018 0013 0017 0014 0017 0013 0016 0041 0019 0013 0017 0013 0017 0013
[03:36:16][I][remote.pronto:239]: 0017 0013 0016 0014 0016 0014 0016 0014 0017 0014 0017 0014 0017 0013 0017 0013 0016 0014 0018 0013 0016 0014 0016 0015 0017 0014 0017 0014 0016 0014 0017 0013 0017 0013 0016 0014 0017 0013 0017 0013 0017 0014 0017 0014 0017 0013
[03:36:16][I][remote.pronto:239]: 0017 0013 0017 0013 0016 0014 0016 0014 0017 0013 0017 0014 0016 0015 0018 0013 0016 0014 0017 0013 0017 0013 0017 0013 0017 0013 0017 0014 0017 0014 0016 0014 0016 0014 0017 0013 0016 0014 0016 0014 0016 0041 0018 0040 0017 0040
[03:36:16][I][remote.pronto:239]: 0017 003F 0017 0133 0018 0013 0017 0013 0017 0013 0017 0013 0016 0014 0016 0015 0016 0015 0017 0013 0018 003F 0017 0013 0017 0013 0017 0013 0017 0040 0018 0013 0018 0014 0017 0013 0017 0013 0016 0014 0016 0014 0016 0014 0017 0013
[03:36:16][I][remote.pronto:239]: 0016 0015 0017 0014 0017 0013 0016 0014 0016 0014 0017 0013 0017 0013 0017 0013 0017 0014 0017 0014 0016 0014 0017 0013 0016 0014 0016 0014 0017 0040 0017 0040 0017 0040 0019 0012 0016 0014 0016 0014 0016 0014 0016 0014 0017 0013
[03:36:16][I][remote.pronto:239]: 0016 0014 0017 0014 0016 0015 0017 0013 0017 003F 0017 0013 0017 0013 0016 0041 0017 0013 0017 0040 0018 0014 0017 0013 0017 0180
[03:36:17][I][remote.pronto:239]: 0000 006D 00AC 0000 015E 00AA 0017 003F 0017 0040 0017 0013 0017 0013 0017 0013 0016 0015 0017 0014 0016 0041 0017 0013 0017 0040 0017 0040 0018 0013 0016 0014 0017 0014 0016 0015 0016 0014 0016 0040 0018 0013 0017 0013 0017 0013
[03:36:17][I][remote.pronto:239]: 0016 0015 0016 0015 0017 0014 0017 0013 0016 0014 0017 0013 0017 0013 0017 0013 0017 0040 0018 0013 0016 0041 0017 0013 0017 0013 0017 0013 0017 0013 0016 0014 0016 0014 0016 0015 0016 0015 0016 0014 0017 0013 0016 0014 0016 0014
[03:36:17][I][remote.pronto:239]: 0017 0013 0017 0013 0017 0014 0016 0015 0017 0013 0016 0134 0017 003F 0018 003F 0017 0013 0017 0013 0017 0013 0016 0015 0017 0014 0016 0041 0017 0013 0016 0041 0016 0014 0017 0013 0017 0013 0017 0040 0017 0014 0016 0014 0017 0013
[03:36:17][I][remote.pronto:239]: 0017 0013 0017 0013 0017 0013 0016 0014 0017 0014 0016 0015 0016 0014 0017 0013 0017 0013 0017 0013 0017 0013 0016 0014 0016 0015 0016 0015 0016 0014 0017 0013 0016 0014 0016 0014 0016 0014 0017 0013 0016 0015 0017 0014 0017 0013
[03:36:17][I][remote.pronto:239]: 0017 0013 0017 0013 0016 0014 0017 0013 0017 0013 0017 0014 0017 0014 0016 0014 0016 0014 0016 0014 0016 0014 0017 0013 0017 0013 0016 0015 0017 0014 0017 0013 0017 0013 0016 0014 0017 0013 0017 0013 0017 0040 0018 0040 0017 0040
[03:36:17][I][remote.pronto:239]: 0017 003F 0017 0133 0017 0013 0016 0014 0017 0013 0017 0013 0017 0013 0016 0015 0017 0014 0016 0014 0017 003F 0017 0013 0017 0013 0017 0013 0016 0041 0017 0013 0016 0015 0017 0013 0017 0013 0017 0013 0016 0014 0017 0013 0017 0013
[03:36:17][I][remote.pronto:239]: 0016 0015 0016 0015 0017 0013 0016 0014 0017 0013 0016 0014 0016 0014 0017 0013 0017 0014 0016 0041 0018 0013 0016 0014 0016 0014 0016 0014 0017 0040 0017 0040 0018 0040 0018 0014 0016 0014 0017 0013 0016 0014 0017 0013 0017 0013
[03:36:17][I][remote.pronto:239]: 0017 0013 0017 0014 0016 0015 0017 0013 0016 0041 0017 0013 0017 0013 0017 0040 0017 0013 0017 0040 0018 0040 0018 0013 0019 0180
[03:36:18][I][remote.pronto:239]: 0000 006D 00AC 0000 015E 00AA 0017 003F 0017 0040 0018 0013 0016 0014 0016 0015 0016 0015 0016 0015 0017 0040 0017 0013 0017 003F 0016 0041 0018 0012 0016 0014 0016 0015 0017 0014 0016 0014 0017 0013 0016 0041 0017 0013 0017 0013
[03:36:18][I][remote.pronto:239]: 0017 0013 0016 0015 0016 0015 0016 0014 0017 0013 0017 0013 0016 0014 0016 0014 0016 0041 0017 0014 0016 0041 0016 0014 0017 0013 0016 0014 0017 0013 0017 0013 0016 0014 0016 0015 0017 0014 0017 0013 0016 0014 0016 0014 0016 0014
[03:36:18][I][remote.pronto:239]: 0017 0013 0017 0013 0016 0015 0016 0015 0017 0013 0016 0134 0017 003F 0017 0040 0017 0013 0016 0014 0016 0014 0016 0015 0017 0014 0016 0041 0017 0013 0017 0040 0018 0013 0017 0013 0016 0015 0016 0041 0017 0014 0016 0014 0016 0014
[03:36:18][I][remote.pronto:239]: 0017 0013 0017 0013 0017 0013 0017 0013 0016 0015 0016 0015 0018 0013 0017 0013 0017 0013 0017 0013 0017 0013 0017 0013 0017 0014 0017 0014 0017 0013 0016 0014 0017 0013 0016 0014 0017 0013 0016 0014 0017 0014 0016 0015 0017 0013
[03:36:18][I][remote.pronto:239]: 0017 0013 0017 0013 0016 0014 0017 0013 0017 0013 0016 0015 0016 0015 0017 0013 0017 0013 0016 0014 0016 0014 0017 0013 0017 0013 0016 0015 0017 0014 0016 0014 0017 003F 0017 003F 0018 0013 0017 0013 0017 0040 0018 0040 0018 0040
[03:36:18][I][remote.pronto:239]: 0017 003F 0017 0133 0018 0013 0016 0014 0017 0013 0017 0013 0016 0014 0017 0014 0017 0014 0016 0014 0017 003F 0017 0013 0017 0013 0016 0014 0017 0040 0018 0013 0016 0015 0017 0013 0017 0013 0017 0013 0017 0013 0017 0013 0017 0013
[03:36:18][I][remote.pronto:239]: 0017 0014 0017 0014 0016 0014 0017 0013 0016 0014 0016 0014 0017 0013 0017 0013 0017 0014 0016 0015 0017 0013 0017 0013 0017 0013 0017 0013 0017 0040 0018 0040 0017 0040 0017 0014 0017 0013 0016 0014 0016 0014 0016 0014 0016 0014
[03:36:18][I][remote.pronto:239]: 0017 0013 0017 0014 0017 0014 0017 0013 0017 003F 0018 0013 0017 0013 0016 0041 0018 0013 0017 0040 0018 0014 0017 0013 0019 0180
[03:36:19][I][remote.pronto:239]: 0000 006D 00AC 0000 015E 00AA 0017 003F 0018 003F 0018 0013 0017 0013 0016 0014 0017 0013 0016 0015 0016 0041 0017 0013 0017 0040 0017 0040 0018 0013 0016 0014 0017 0014 0016 0015 0017 0013 0016 0040 0017 0040 0017 0013 0016 0014
[03:36:19][I][remote.pronto:239]: 0017 0013 0016 0015 0016 0015 0016 0014 0016 0014 0017 0013 0017 0013 0017 0013 0016 0041 0018 0013 0018 0040 0017 0013 0017 0013 0016 0014 0016 0014 0017 0013 0017 0013 0017 0014 0017 0014 0016 0014 0017 0013 0017 0013 0016 0014
[03:36:19][I][remote.pronto:239]: 0017 0013 0016 0014 0017 0014 0016 0015 0017 0013 0017 0133 0018 003F 0018 003F 0017 0013 0016 0014 0017 0013 0017 0014 0017 0014 0017 0040 0017 0013 0017 0040 0017 0013 0016 0014 0017 0013 0017 0041 0018 0014 0017 0013 0017 0013
[03:36:19][I][remote.pronto:239]: 0016 0014 0018 0013 0017 0013 0017 0013 0016 0015 0016 0015 0017 0013 0017 0013 0017 0013 0017 0013 0017 0013 0018 0013 0017 0014 0016 0015 0016 0014 0017 0013 0017 0013 0017 0013 0017 0013 0016 0014 0017 0014 0018 0014 0017 0013
[03:36:19][I][remote.pronto:239]: 0017 0013 0017 0013 0017 0013 0017 0013 0016 0014 0016 0015 0018 0014 0016 0014 0017 0013 0017 0013 0017 0013 0016 0014 0016 0015 0016 0015 0017 0014 0017 0013 0016 0014 0016 0041 0018 0013 0017 0013 0016 0041 0018 0040 0018 0040
[03:36:19][I][remote.pronto:239]: 0018 003F 0017 0133 0018 0013 0017 0013 0017 0013 0017 0013 0017 0014 0016 0015 0017 0014 0017 0013 0016 0040 0017 0013 0017 0013 0016 0014 0017 0040 0019 0012 0016 0015 0017 0013 0016 0014 0017 0013 0017 0013 0017 0013 0016 0014
[03:36:19][I][remote.pronto:239]: 0017 0014 0017 0014 0016 0014 0017 0013 0016 0014 0017 0013 0017 0013 0017 0013 0016 0015 0016 0041 0017 0013 0017 0013 0017 0013 0017 0013 0016 0041 0018 0040 0017 0040 0017 0014 0016 0014 0016 0014 0017 0013 0016 0014 0017 0013
[03:36:19][I][remote.pronto:239]: 0017 0013 0017 0014 0017 0014 0016 0014 0017 003F 0017 0013 0016 0014 0016 0041 0017 0013 0016 0041 0017 0040 0017 0013 0017 0180
[03:36:19][I][remote.pronto:239]: 0000 006D 00AC 0000 015E 00AA 0017 003F 0017 0040 0017 0013 0016 0014 0016 0014 0016 0015 0016 0015 0016 0041 0017 0013 0016 0041 0017 0040 0017 0013 0016 0015 0017 0014 0017 0014 0017 0013 0017 003F 0017 003F 0018 0013 0016 0014
[03:36:19][I][remote.pronto:239]: 0016 0014 0016 0015 0016 0015 0016 0014 0017 0013 0016 0014 0017 0013 0017 0013 0017 0040 0017 0014 0017 0040 0017 0013 0017 0013 0017 0013 0017 0013 0016 0014 0017 0013 0017 0014 0016 0015 0016 0014 0017 0013 0016 0014 0017 0013
[03:36:19][I][remote.pronto:239]: 0016 0014 0017 0013 0016 0015 0016 0015 0016 0014 0016 0134 0016 0040 0017 0040 0017 0013 0017 0013 0016 0014 0016 0015 0016 0015 0016 0041 0018 0013 0017 0040 0017 0013 0017 0013 0017 0013 0016 0041 0017 0014 0017 0013 0016 0014
[03:36:19][I][remote.pronto:239]: 0016 0014 0017 0013 0017 0013 0017 0013 0016 0015 0016 0015 0017 0013 0017 0013 0016 0014 0016 0014 0016 0014 0017 0013 0017 0014 0017 0014 0017 0013 0017 0013 0016 0014 0016 0014 0017 0013 0017 0013 0016 0015 0016 0015 0017 0013
[03:36:19][I][remote.pronto:239]: 0016 0014 0017 0013 0017 0013 0016 0014 0016 0015 0016 0015 0017 0014 0016 0014 0016 0014 0016 0014 0016 0014 0016 0014 0017 0013 0016 0015 0017 0014 0017 0013 0017 0013 0017 003F 0016 0014 0016 0014 0016 0041 0017 0040 0017 0040
[03:36:19][I][remote.pronto:239]: 0018 003F 0017 0133 0017 0013 0016 0014 0016 0014 0017 0013 0017 0013 0016 0015 0016 0015 0016 0014 0017 003F 0017 0013 0017 0013 0016 0014 0017 0040 0017 0014 0016 0015 0016 0014 0016 0014 0016 0014 0017 0013 0017 0013 0016 0014
[03:36:19][I][remote.pronto:239]: 0016 0015 0017 0014 0016 0014 0016 0014 0017 0013 0017 0013 0017 0013 0016 0014 0017 0014 0017 0014 0016 0014 0017 0013 0017 0013 0017 0013 0017 0040 0017 0040 0017 0040 0017 0014 0016 0014 0016 0014 0017 0013 0017 0013 0017 0013
[03:36:19][I][remote.pronto:239]: 0016 0014 0016 0015 0016 0015 0016 0014 0016 0040 0017 0013 0017 0013 0018 0040 0018 0013 0017 0040 0017 0014 0016 0014 0017 0180
